10.0     587
10.02    575
10.04    540
10.06    546
10.08    505
10.1     520
10.12    563
10.14    557
10.16    577
10.18    562
10.2     519
10.22    497
10.24    536
10.26    500
10.28    547
10.3     521
10.32    519
10.34    527
10.36    541
10.38    532
10.4     557
10.42    529
10.44    534
10.46    467
10.48    519
10.5     498
10.52    547
10.54    523
10.56    534
10.58    484
10.6     480
10.62    473
10.64    523
10.66    511
10.68    518
10.7     494
10.72    472
10.74    515
10.76    544
10.78    520
10.8     526
10.82    483
10.84    500
10.86    503
10.88    479
10.9     471
10.92    484
10.94    499
10.96    485
10.98    475
11.0     486
11.02    483
11.04    481
11.06    459
11.08    465
11.1     475
11.12    482
11.14    489
11.16    505
11.18    493
11.2     441
11.22    521
11.24    467
11.26    451
11.28    496
11.3     501
11.32    462
11.34    443
11.36    494
11.38    474
11.4     528
11.42    444
11.44    503
11.46    478
11.48    467
11.5     479
11.52    498
11.54    425
11.56    464
11.58    466
11.6     490
11.62    485
11.64    455
11.66    463
11.68    483
11.7     501
11.72    437
11.74    481
11.76    433
11.78    425
11.8     472
11.82    463
11.84    448
11.86    462
11.88    454
11.9     467
11.92    435
11.94    438
11.96    451
11.98    445
12.0     464
12.02    444
12.04    452
12.06    463
12.08    452
12.1     428
12.12    460
12.14    429
12.16    424
12.18    442
12.2     471
12.22    434
12.24    442
12.26    436
12.28    444
12.3     465
12.32    408
12.34    467
12.36    476
12.38    451
12.4     475
12.42    488
12.44    443
12.46    424
12.48    438
12.5     465
12.52    474
12.54    437
12.56    411
12.58    425
12.6     458
12.62    430
12.64    432
12.66    411
12.68    404
12.7     412
12.72    446
12.74    406
12.76    358
12.78    422
12.8     421
12.82    402
12.84    406
12.86    412
12.88    404
12.9     448
12.92    423
12.94    415
12.96    407
12.98    442
13.0     416
13.02    386
13.04    403
13.06    403
13.08    446
13.1     413
13.12    441
13.14    396
13.16    404
13.18    403
13.2     384
13.22    427
13.24    433
13.26    396
13.28    398
13.3     399
13.32    405
13.34    403
13.36    404
13.38    372
13.4     402
13.42    407
13.44    382
13.46    390
13.48    464
13.5     411
13.52    386
13.54    392
13.56    407
13.58    373
13.6     389
13.62    388
13.64    406
13.66    393
13.68    413
13.7     401
13.72    380
13.74    404
13.76    386
13.78    372
13.8     406
13.82    399
13.84    429
13.86    382
13.88    381
13.9     412
13.92    416
13.94    388
13.96    399
13.98    404
14.0     397
14.02    384
14.04    422
14.06    408
14.08    358
14.1     374
14.12    389
14.14    354
14.16    386
14.18    406
14.2     382
14.22    408
14.24    386
14.26    397
14.28    393
14.3     393
14.32    435
14.34    358
14.36    376
14.38    429
14.4     384
14.42    361
14.44    357
14.46    381
14.48    379
14.5     386
14.52    363
14.54    387
14.56    356
14.58    376
14.6     335
14.62    380
14.64    405
14.66    334
14.68    388
14.7     366
14.72    377
14.74    387
14.76    368
14.78    379
14.8     399
14.82    376
14.84    346
14.86    381
14.88    376
14.9     374
14.92    385
14.94    366
14.96    377
14.98    343
15.0     367
15.02    399
15.04    365
15.06    380
15.08    371
15.1     387
15.12    354
15.14    358
15.16    342
15.18    349
15.2     382
15.22    357
15.24    389
15.26    371
15.28    354
15.3     352
15.32    353
15.34    395
15.36    331
15.38    337
15.4     350
15.42    338
15.44    341
15.46    349
15.48    373
15.5     367
15.52    355
15.54    380
15.56    350
15.58    344
15.6     329
15.62    341
15.64    327
15.66    368
15.68    376
15.7     375
15.72    315
15.74    351
15.76    341
15.78    330
15.8     364
15.82    338
15.84    358
15.86    339
15.88    356
15.9     343
15.92    323
15.94    334
15.96    354
15.98    355
16.0     316
16.02    349
16.04    358
16.06    330
16.08    306
16.1     350
16.12    355
16.14    310
16.16    325
16.18    332
16.2     359
16.22    344
16.24    317
16.26    340
16.28    332
16.3     333
16.32    351
16.34    328
16.36    314
16.38    394
16.4     342
16.42    318
16.44    334
16.46    354
16.48    346
16.5     319
16.52    333
16.54    350
16.56    339
16.58    333
16.6     328
16.62    347
16.64    333
16.66    327
16.68    332
16.7     298
16.72    340
16.74    325
16.76    334
16.78    314
16.8     290
16.82    326
16.84    347
16.86    299
16.88    347
16.9     327
16.92    311
16.94    348
16.96    345
16.98    322
17.0     315
17.02    303
17.04    317
17.06    320
17.08    319
17.1     304
17.12    342
17.14    334
17.16    323
17.18    293
17.2     318
17.22    331
17.24    305
17.26    302
17.28    303
17.3     329
17.32    312
17.34    291
17.36    347
17.38    294
17.4     323
17.42    338
17.44    294
17.46    332
17.48    307
17.5     313
17.52    317
17.54    326
17.56    312
17.58    285
17.6     339
17.62    307
17.64    306
17.66    298
17.68    297
17.7     283
17.72    298
17.74    287
17.76    324
17.78    282
17.8     316
17.82    303
17.84    311
17.86    315
17.88    306
17.9     296
17.92    329
17.94    330
17.96    317
17.98    275
18.0     293
18.02    333
18.04    333
18.06    302
18.08    297
18.1     320
18.12    300
18.14    297
18.16    302
18.18    326
18.2     302
18.22    286
18.24    302
18.26    284
18.28    297
18.3     325
18.32    314
18.34    291
18.36    299
18.38    300
18.4     282
18.42    296
18.44    284
18.46    296
18.48    318
18.5     277
18.52    265
18.54    254
18.56    316
18.58    293
18.6     307
18.62    306
18.64    303
18.66    294
18.68    304
18.7     335
18.72    312
18.74    275
18.76    278
18.78    258
18.8     280
18.82    281
18.84    278
18.86    295
18.88    273
18.9     259
18.92    262
18.94    272
18.96    332
18.98    276
19.0     317
19.02    275
19.04    284
19.06    287
19.08    302
19.1     292
19.12    287
19.14    242
19.16    294
19.18    268
19.2     271
19.22    263
19.24    292
19.26    279
19.28    281
19.3     270
19.32    284
19.34    286
19.36    304
19.38    263
19.4     255
19.42    259
19.44    289
19.46    313
19.48    311
19.5     255
19.52    270
19.54    291
19.56    258
19.58    262
19.6     270
19.62    248
19.64    286
19.66    262
19.68    240
19.7     285
19.72    246
19.74    242
19.76    260
19.78    266
19.8     267
19.82    258
19.84    259
19.86    270
19.88    255
19.9     273
19.92    264
19.94    272
19.96    265
19.98    268
20.0     264
20.02    272
20.04    272
20.06    268
20.08    239
20.1     252
20.12    304
20.14    246
20.16    292
20.18    241
20.2     258
20.22    239
20.24    229
20.26    269
20.28    266
20.3     262
20.32    275
20.34    274
20.36    253
20.38    276
20.4     246
20.42    266
20.44    256
20.46    244
20.48    245
20.5     251
20.52    226
20.54    256
20.56    238
20.58    275
20.6     251
20.62    270
20.64    260
20.66    246
20.68    248
20.7     228
20.72    251
20.74    253
20.76    266
20.78    260
20.8     269
20.82    244
20.84    236
20.86    237
20.88    239
20.9     249
20.92    255
20.94    273
20.96    272
20.98    265
21.0     236
21.02    244
21.04    278
21.06    266
21.08    251
21.1     261
21.12    246
21.14    226
21.16    249
21.18    268
21.2     251
21.22    242
21.24    221
21.26    223
21.28    242
21.3     229
21.32    265
21.34    267
21.36    243
21.38    230
21.4     258
21.42    222
21.44    265
21.46    231
21.48    267
21.5     210
21.52    264
21.54    270
21.56    232
21.58    222
21.6     228
21.62    251
21.64    260
21.66    241
21.68    224
21.7     267
21.72    244
21.74    260
21.76    247
21.78    243
21.8     265
21.82    231
21.84    231
21.86    251
21.88    241
21.9     234
21.92    242
21.94    224
21.96    240
21.98    256
22.0     270
22.02    273
22.04    267
22.06    236
22.08    221
22.1     225
22.12    226
22.14    232
22.16    225
22.18    238
22.2     220
22.22    218
22.24    226
22.26    235
22.28    247
22.3     229
22.32    237
22.34    245
22.36    231
22.38    200
22.4     199
22.42    214
22.44    229
22.46    238
22.48    245
22.5     233
22.52    224
22.54    237
22.56    239
22.58    200
22.6     215
22.62    218
22.64    214
22.66    218
22.68    218
22.7     249
22.72    220
22.74    241
22.76    238
22.78    222
22.8     209
22.82    232
22.84    235
22.86    259
22.88    253
22.9     220
22.92    223
22.94    222
22.96    221
22.98    225
23.0     230
23.02    212
23.04    225
23.06    215
23.08    249
23.1     224
23.12    236
23.14    211
23.16    231
23.18    204
23.2     221
23.22    232
23.24    235
23.26    218
23.28    205
23.3     232
23.32    230
23.34    210
23.36    191
23.38    224
23.4     214
23.42    230
23.44    221
23.46    226
23.48    216
23.5     220
23.52    205
23.54    259
23.56    209
23.58    211
23.6     233
23.62    192
23.64    231
23.66    218
23.68    223
23.7     245
23.72    228
23.74    204
23.76    233
23.78    237
23.8     224
23.82    203
23.84    217
23.86    224
23.88    220
23.9     223
23.92    206
23.94    188
23.96    218
23.98    224
24.0     217
24.02    220
24.04    202
24.06    241
24.08    228
24.1     178
24.12    223
24.14    196
24.16    206
24.18    191
24.2     210
24.22    235
24.24    179
24.26    211
24.28    211
24.3     183
24.32    201
24.34    198
24.36    192
24.38    213
24.4     215
24.42    202
24.44    227
24.46    241
24.48    193
24.5     218
24.52    200
24.54    189
24.56    167
24.58    210
24.6     207
24.62    192
24.64    191
24.66    190
24.68    219
24.7     193
24.72    230
24.74    200
24.76    205
24.78    212
24.8     199
24.82    173
24.84    202
24.86    185
24.88    200
24.9     203
24.92    200
24.94    205
24.96    207
24.98    194
25.0     201
25.02    190
25.04    208
25.06    204
25.08    212
25.1     204
25.12    190
25.14    192
25.16    189
25.18    208
25.2     186
25.22    203
25.24    176
25.26    190
25.28    207
25.3     179
25.32    190
25.34    211
25.36    183
25.38    175
25.4     199
25.42    217
25.44    214
25.46    202
25.48    224
25.5     195
25.52    217
25.54    211
25.56    224
25.58    207
25.6     177
25.62    191
25.64    201
25.66    197
25.68    225
25.7     185
25.72    187
25.74    218
25.76    185
25.78    190
25.8     179
25.82    214
25.84    202
25.86    184
25.88    173
25.9     167
25.92    192
25.94    208
25.96    185
25.98    181
26.0     176
26.02    187
26.04    182
26.06    205
26.08    177
26.1     195
26.12    187
26.14    181
26.16    179
26.18    169
26.2     178
26.22    198
26.24    187
26.26    189
26.28    200
26.3     202
26.32    188
26.34    193
26.36    188
26.38    202
26.4     180
26.42    189
26.44    189
26.46    176
26.48    208
26.5     189
26.52    174
26.54    182
26.56    208
26.58    166
26.6     197
26.62    178
26.64    180
26.66    177
26.68    192
26.7     205
26.72    211
26.74    211
26.76    216
26.78    195
26.8     213
26.82    200
26.84    210
26.86    204
26.88    179
26.9     186
26.92    203
26.94    201
26.96    205
26.98    178
27.0     187
27.02    186
27.04    198
27.06    184
27.08    198
27.1     190
27.12    169
27.14    183
27.16    159
27.18    165
27.2     178
27.22    171
27.24    191
27.26    181
27.28    209
27.3     169
27.32    169
27.34    173
27.36    183
27.38    185
27.4     165
27.42    176
27.44    155
27.46    162
27.48    202
27.5     187
27.52    168
27.54    166
27.56    205
27.58    178
27.6     152
27.62    189
27.64    159
27.66    157
27.68    168
27.7     187
27.72    169
27.74    190
27.76    181
27.78    174
27.8     171
27.82    181
27.84    179
27.86    187
27.88    174
27.9     172
27.92    197
27.94    179
27.96    169
27.98    207
28.0     171
28.02    151
28.04    175
28.06    152
28.08    159
28.1     194
28.12    168
28.14    178
28.16    181
28.18    193
28.2     192
28.22    169
28.24    174
28.26    170
28.28    161
28.3     177
28.32    168
28.34    162
28.36    171
28.38    167
28.4     195
28.42    163
28.44    161
28.46    185
28.48    174
28.5     182
28.52    161
28.54    205
28.56    149
28.58    164
28.6     174
28.62    160
28.64    195
28.66    178
28.68    175
28.7     187
28.72    182
28.74    160
28.76    170
28.78    153
28.8     158
28.82    164
28.84    166
28.86    170
28.88    159
28.9     166
28.92    163
28.94    168
28.96    182
28.98    172
29.0     162
29.02    158
29.04    163
29.06    187
29.08    189
29.1     156
29.12    174
29.14    157
29.16    192
29.18    173
29.2     176
29.22    171
29.24    170
29.26    173
29.28    172
29.3     166
29.32    166
29.34    177
29.36    147
29.38    164
29.4     181
29.42    190
29.44    180
29.46    208
29.48    167
29.5     174
29.52    144
29.54    172
29.56    174
29.58    162
29.6     138
29.62    181
29.64    160
29.66    165
29.68    176
29.7     145
29.72    156
29.74    174
29.76    163
29.78    140
29.8     160
29.82    179
29.84    153
29.86    166
29.88    151
29.9     184
29.92    173
29.94    154
29.96    183
29.98    188
30.0     179
30.02    159
30.04    166
30.06    171
30.08    162
30.1     172
30.12    169
30.14    174
30.16    153
30.18    160
30.2     164
30.22    168
30.24    162
30.26    142
30.28    171
30.3     167
30.32    168
30.34    180
30.36    157
30.38    161
30.4     175
30.42    157
30.44    160
30.46    175
30.48    182
30.5     177
30.52    170
30.54    169
30.56    175
30.58    158
30.6     159
30.62    164
30.64    141
30.66    184
30.68    169
30.7     148
30.72    152
30.74    161
30.76    177
30.78    192
30.8     167
30.82    172
30.84    159
30.86    177
30.88    174
30.9     180
30.92    168
30.94    188
30.96    183
30.98    207
31.0     214
31.02    204
31.04    220
31.06    190
31.08    190
31.1     189
31.12    200
31.14    169
31.16    173
31.18    195
31.2     164
31.22    174
31.24    148
31.26    158
31.28    172
31.3     158
31.32    154
31.34    149
31.36    174
31.38    174
31.4     140
31.42    156
31.44    158
31.46    157
31.48    168
31.5     155
31.52    171
31.54    152
31.56    146
31.58    148
31.6     179
31.62    136
31.64    168
31.66    158
31.68    153
31.7     161
31.72    188
31.74    139
31.76    155
31.78    159
31.8     154
31.82    152
31.84    153
31.86    162
31.88    157
31.9     187
31.92    175
31.94    171
31.96    150
31.98    149
32.0     132
32.02    165
32.04    175
32.06    148
32.08    155
32.1     159
32.12    165
32.14    147
32.16    147
32.18    147
32.2     163
32.22    142
32.24    154
32.26    148
32.28    133
32.3     177
32.32    157
32.34    144
32.36    157
32.38    183
32.4     177
32.42    169
32.44    150
32.46    156
32.48    159
32.5     160
32.52    159
32.54    162
32.56    168
32.58    156
32.6     135
32.62    152
32.64    153
32.66    169
32.68    138
32.7     126
32.72    170
32.74    155
32.76    142
32.78    151
32.8     158
32.82    154
32.84    163
32.86    164
32.88    156
32.9     150
32.92    173
32.94    156
32.96    160
32.98    173
33.0     149
33.02    179
33.04    148
33.06    137
33.08    157
33.1     148
33.12    152
33.14    169
33.16    125
33.18    146
33.2     167
33.22    151
33.24    177
33.26    154
33.28    159
33.3     135
33.32    141
33.34    131
33.36    157
33.38    136
33.4     163
33.42    141
33.44    133
33.46    163
33.48    154
33.5     145
33.52    148
33.54    151
33.56    166
33.58    154
33.6     165
33.62    178
33.64    154
33.66    155
33.68    182
33.7     161
33.72    163
33.74    168
33.76    134
33.78    153
33.8     152
33.82    148
33.84    148
33.86    168
33.88    138
33.9     146
33.92    143
33.94    171
33.96    163
33.98    142
34.0     150
34.02    149
34.04    118
34.06    150
34.08    165
34.1     157
34.12    146
34.14    157
34.16    149
34.18    150
34.2     163
34.22    155
34.24    145
34.26    134
34.28    150
34.3     169
34.32    154
34.34    166
34.36    151
34.38    144
34.4     168
34.42    169
34.44    144
34.46    149
34.48    152
34.5     149
34.52    146
34.54    151
34.56    155
34.58    155
34.6     157
34.62    145
34.64    178
34.66    152
34.68    150
34.7     149
34.72    140
34.74    148
34.76    147
34.78    155
34.8     151
34.82    157
34.84    132
34.86    139
34.88    181
34.9     154
34.92    159
34.94    138
34.96    135
34.98    146
35.0     141
35.02    150
35.04    145
35.06    150
35.08    153
35.1     153
35.12    181
35.14    164
35.16    165
35.18    167
35.2     163
35.22    163
35.24    135
35.26    158
35.28    172
35.3     180
35.32    158
35.34    165
35.36    168
35.38    174
35.4     169
35.42    161
35.44    164
35.46    179
35.48    156
35.5     166
35.52    155
35.54    160
35.56    152
35.58    169
35.6     143
35.62    175
35.64    156
35.66    134
35.68    151
35.7     161
35.72    151
35.74    146
35.76    161
35.78    140
35.8     139
35.82    148
35.84    172
35.86    140
35.88    156
35.9     170
35.92    146
35.94    151
35.96    144
35.98    148
36.0     184
36.02    143
36.04    170
36.06    142
36.08    129
36.1     142
36.12    141
36.14    168
36.16    130
36.18    122
36.2     149
36.22    139
36.24    147
36.26    144
36.28    169
36.3     154
36.32    147
36.34    153
36.36    136
36.38    140
36.4     165
36.42    137
36.44    141
36.46    173
36.48    151
36.5     164
36.52    186
36.54    160
36.56    142
36.58    145
36.6     151
36.62    154
36.64    169
36.66    136
36.68    126
36.7     157
36.72    125
36.74    125
36.76    128
36.78    165
36.8     131
36.82    152
36.84    155
36.86    137
36.88    147
36.9     166
36.92    171
36.94    154
36.96    158
36.98    151
37.0     150
37.02    152
37.04    138
37.06    146
37.08    162
37.1     164
37.12    129
37.14    173
37.16    151
37.18    167
37.2     159
37.22    154
37.24    148
37.26    143
37.28    135
37.3     139
37.32    143
37.34    157
37.36    146
37.38    137
37.4     140
37.42    145
37.44    153
37.46    158
37.48    145
37.5     145
37.52    154
37.54    145
37.56    151
37.58    146
37.6     149
37.62    150
37.64    159
37.66    165
37.68    149
37.7     164
37.72    176
37.74    175
37.76    163
37.78    172
37.8     173
37.82    172
37.84    195
37.86    173
37.88    202
37.9     179
37.92    174
37.94    213
37.96    179
37.98    225
38.0     257
38.02    248
38.04    247
38.06    268
38.08    289
38.1     302
38.12    300
38.14    351
38.16    331
38.18    324
38.2     315
38.22    294
38.24    340
38.26    341
38.28    277
38.3     250
38.32    225
38.34    257
38.36    227
38.38    194
38.4     207
38.42    179
38.44    180
38.46    170
38.48    150
38.5     169
38.52    171
38.54    145
38.56    147
38.58    166
38.6     160
38.62    128
38.64    174
38.66    138
38.68    152
38.7     178
38.72    150
38.74    150
38.76    152
38.78    148
38.8     153
38.82    157
38.84    141
38.86    148
38.88    168
38.9     156
38.92    132
38.94    159
38.96    157
38.98    144
39.0     158
39.02    174
39.04    155
39.06    147
39.08    171
39.1     146
39.12    170
39.14    144
39.16    155
39.18    155
39.2     152
39.22    167
39.24    148
39.26    158
39.28    157
39.3     138
39.32    151
39.34    141
39.36    161
39.38    154
39.4     155
39.42    134
39.44    148
39.46    168
39.48    171
39.5     145
39.52    150
39.54    143
39.56    136
39.58    134
39.6     160
39.62    137
39.64    162
39.66    148
39.68    157
39.7     140
39.72    172
39.74    136
39.76    153
39.78    156
39.8     146
39.82    161
39.84    137
39.86    156
39.88    143
39.9     164
39.92    154
39.94    165
39.96    148
39.98    159
40.0     141
40.02    163
40.04    159
40.06    145
40.08    154
40.1     166
40.12    136
40.14    171
40.16    157
40.18    163
40.2     167
40.22    168
40.24    149
40.26    149
40.28    141
40.3     146
40.32    122
40.34    147
40.36    147
40.38    176
40.4     149
40.42    155
40.44    130
40.46    166
40.48    174
40.5     147
40.52    142
40.54    141
40.56    141
40.58    168
40.6     150
40.62    144
40.64    151
40.66    142
40.68    172
40.7     151
40.72    140
40.74    166
40.76    149
40.78    162
40.8     190
40.82    152
40.84    160
40.86    146
40.88    161
40.9     159
40.92    162
40.94    170
40.96    148
40.98    162
41.0     170
41.02    147
41.04    162
41.06    176
41.08    142
41.1     170
41.12    177
41.14    156
41.16    151
41.18    141
41.2     151
41.22    163
41.24    154
41.26    190
41.28    147
41.3     165
41.32    147
41.34    177
41.36    157
41.38    134
41.4     166
41.42    156
41.44    161
41.46    165
41.48    173
41.5     149
41.52    159
41.54    158
41.56    188
41.58    163
41.6     154
41.62    158
41.64    152
41.66    168
41.68    149
41.7     149
41.72    170
41.74    151
41.76    161
41.78    149
41.8     183
41.82    155
41.84    173
41.86    161
41.88    175
41.9     167
41.92    179
41.94    191
41.96    162
41.98    173
42.0     160
42.02    157
42.04    149
42.06    190
42.08    165
42.1     172
42.12    168
42.14    180
42.16    187
42.18    158
42.2     170
42.22    183
42.24    175
42.26    137
42.28    166
42.3     179
42.32    153
42.34    179
42.36    177
42.38    165
42.4     183
42.42    159
42.44    185
42.46    208
42.48    185
42.5     226
42.52    204
42.54    195
42.56    198
42.58    195
42.6     204
42.62    185
42.64    166
42.66    211
42.68    187
42.7     196
42.72    183
42.74    202
42.76    194
42.78    203
42.8     200
42.82    228
42.84    208
42.86    224
42.88    199
42.9     206
42.92    204
42.94    208
42.96    206
42.98    203
43.0     229
43.02    215
43.04    221
43.06    221
43.08    194
43.1     212
43.12    213
43.14    226
43.16    251
43.18    246
43.2     236
43.22    248
43.24    261
43.26    270
43.28    259
43.3     230
43.32    320
43.34    283
43.36    277
43.38    321
43.4     306
43.42    379
43.44    346
43.46    356
43.48    401
43.5     435
43.52    504
43.54    554
43.56    670
43.58    698
43.6     718
43.62    853
43.64    999
43.66    1272
43.68    1863
43.7     2677
43.72    3468
43.74    4184
43.76    4521
43.78    3933
43.8     3165
43.82    2493
43.84    2323
43.86    2415
43.88    2408
43.9     2012
43.92    1417
43.94    898
43.96    654
43.98    587
44.0     573
44.02    583
44.04    628
44.06    705
44.08    779
44.1     903
44.12    964
44.14    1017
44.16    1079
44.18    1105
44.2     1242
44.22    1341
44.24    1375
44.26    1494
44.28    1661
44.3     1820
44.32    1999
44.34    2120
44.36    2464
44.38    2623
44.4     2842
44.42    3021
44.44    3232
44.46    3354
44.48    3408
44.5     3277
44.52    3351
44.54    3364
44.56    2994
44.58    2753
44.6     2395
44.62    2027
44.64    1739
44.66    1425
44.68    1259
44.7     1062
44.72    809
44.74    653
44.76    507
44.78    428
44.8     382
44.82    345
44.84    316
44.86    270
44.88    288
44.9     279
44.92    248
44.94    267
44.96    238
44.98    278
45.0     238
45.02    220
45.04    235
45.06    227
45.08    207
45.1     222
45.12    211
45.14    215
45.16    213
45.18    208
45.2     213
45.22    197
45.24    191
45.26    211
45.28    207
45.3     213
45.32    187
45.34    205
45.36    191
45.38    165
45.4     193
45.42    192
45.44    174
45.46    177
45.48    186
45.5     173
45.52    175
45.54    178
45.56    160
45.58    197
45.6     181
45.62    189
45.64    189
45.66    170
45.68    167
45.7     190
45.72    195
45.74    185
45.76    186
45.78    182
45.8     156
45.82    164
45.84    187
45.86    181
45.88    195
45.9     173
45.92    183
45.94    187
45.96    162
45.98    171
46.0     156
46.02    162
46.04    184
46.06    186
46.08    188
46.1     178
46.12    163
46.14    163
46.16    175
46.18    175
46.2     147
46.22    151
46.24    182
46.26    179
46.28    154
46.3     181
46.32    179
46.34    166
46.36    190
46.38    173
46.4     166
46.42    180
46.44    174
46.46    170
46.48    154
46.5     177
46.52    147
46.54    182
46.56    163
46.58    156
46.6     176
46.62    166
46.64    180
46.66    157
46.68    195
46.7     169
46.72    171
46.74    175
46.76    174
46.78    156
46.8     184
46.82    151
46.84    152
46.86    187
46.88    165
46.9     164
46.92    164
46.94    142
46.96    155
46.98    167
47.0     177
47.02    149
47.04    151
47.06    162
47.08    161
47.1     160
47.12    195
47.14    181
47.16    152
47.18    171
47.2     161
47.22    156
47.24    160
47.26    180
47.28    161
47.3     143
47.32    128
47.34    170
47.36    157
47.38    196
47.4     161
47.42    175
47.44    175
47.46    162
47.48    156
47.5     156
47.52    156
47.54    153
47.56    163
47.58    159
47.6     157
47.62    184
47.64    177
47.66    188
47.68    179
47.7     168
47.72    170
47.74    150
47.76    160
47.78    164
47.8     169
47.82    154
47.84    152
47.86    166
47.88    169
47.9     170
47.92    166
47.94    168
47.96    168
47.98    171
48.0     152
48.02    173
48.04    170
48.06    153
48.08    153
48.1     163
48.12    173
48.14    183
48.16    175
48.18    149
48.2     166
48.22    155
48.24    154
48.26    161
48.28    161
48.3     158
48.32    177
48.34    163
48.36    144
48.38    145
48.4     144
48.42    156
48.44    159
48.46    169
48.48    157
48.5     161
48.52    166
48.54    172
48.56    152
48.58    177
48.6     147
48.62    169
48.64    169
48.66    167
48.68    147
48.7     165
48.72    162
48.74    164
48.76    176
48.78    147
48.8     156
48.82    168
48.84    159
48.86    157
48.88    174
48.9     150
48.92    168
48.94    170
48.96    160
48.98    173
49.0     170
49.02    176
49.04    161
49.06    163
49.08    166
49.1     157
49.12    171
49.14    139
49.16    194
49.18    156
49.2     143
49.22    171
49.24    158
49.26    191
49.28    148
49.3     166
49.32    171
49.34    173
49.36    152
49.38    176
49.4     158
49.42    158
49.44    159
49.46    163
49.48    170
49.5     167
49.52    186
49.54    181
49.56    199
49.58    176
49.6     187
49.62    191
49.64    169
49.66    166
49.68    159
49.7     187
49.72    162
49.74    159
49.76    200
49.78    162
49.8     164
49.82    171
49.84    166
49.86    168
49.88    173
49.9     162
49.92    169
49.94    196
49.96    158
49.98    171
50.0     174
50.02    182
50.04    174
50.06    171
50.08    184
50.1     167
50.12    171
50.14    162
50.16    173
50.18    176
50.2     172
50.22    171
50.24    180
50.26    174
50.28    192
50.3     209
50.32    212
50.34    192
50.36    185
50.38    171
50.4     188
50.42    177
50.44    194
50.46    198
50.48    178
50.5     206
50.52    218
50.54    198
50.56    199
50.58    203
50.6     221
50.62    212
50.64    185
50.66    213
50.68    185
50.7     194
50.72    211
50.74    181
50.76    208
50.78    191
50.8     187
50.82    194
50.84    189
50.86    177
50.88    203
50.9     192
50.92    207
50.94    208
50.96    185
50.98    218
51.0     195
51.02    179
51.04    192
51.06    164
51.08    182
51.1     191
51.12    183
51.14    178
51.16    188
51.18    185
51.2     186
51.22    186
51.24    184
51.26    151
51.28    157
51.3     177
51.32    183
51.34    162
51.36    190
51.38    182
51.4     197
51.42    176
51.44    180
51.46    158
51.48    166
51.5     176
51.52    150
51.54    171
51.56    159
51.58    163
51.6     151
51.62    156
51.64    141
51.66    156
51.68    182
51.7     161
51.72    172
51.74    161
51.76    151
51.78    153
51.8     161
51.82    175
51.84    145
51.86    173
51.88    178
51.9     164
51.92    165
51.94    170
51.96    163
51.98    179
52.0     138
52.02    156
52.04    167
52.06    139
52.08    142
52.1     166
52.12    163
52.14    196
52.16    157
52.18    163
52.2     183
52.22    162
52.24    169
52.26    171
52.28    177
52.3     165
52.32    165
52.34    142
52.36    172
52.38    145
52.4     169
52.42    148
52.44    176
52.46    156
52.48    173
52.5     165
52.52    153
52.54    175
52.56    163
52.58    141
52.6     177
52.62    155
52.64    156
52.66    159
52.68    173
52.7     166
52.72    158
52.74    144
52.76    182
52.78    165
52.8     187
52.82    166
52.84    155
52.86    174
52.88    186
52.9     165
52.92    185
52.94    148
52.96    161
52.98    147
53.0     164
53.02    194
53.04    175
53.06    160
53.08    166
53.1     156
53.12    158
53.14    158
53.16    166
53.18    172
53.2     162
53.22    171
53.24    165
53.26    185
53.28    154
53.3     168
53.32    184
53.34    189
53.36    164
53.38    148
53.4     169
53.42    156
53.44    159
53.46    159
53.48    170
53.5     149
53.52    178
53.54    136
53.56    162
53.58    157
53.6     178
53.62    182
53.64    188
53.66    190
53.68    174
53.7     145
53.72    176
53.74    180
53.76    151
53.78    163
53.8     161
53.82    155
53.84    177
53.86    161
53.88    154
53.9     141
53.92    173
53.94    157
53.96    170
53.98    161
54.0     187
54.02    167
54.04    149
54.06    143
54.08    173
54.1     162
54.12    162
54.14    138
54.16    170
54.18    177
54.2     166
54.22    165
54.24    172
54.26    166
54.28    192
54.3     155
54.32    151
54.34    168
54.36    148
54.38    165
54.4     165
54.42    158
54.44    167
54.46    174
54.48    144
54.5     142
54.52    184
54.54    187
54.56    152
54.58    167
54.6     169
54.62    159
54.64    187
54.66    172
54.68    174
54.7     165
54.72    158
54.74    180
54.76    191
54.78    156
54.8     158
54.82    162
54.84    175
54.86    175
54.88    154
54.9     188
54.92    143
54.94    154
54.96    177
54.98    176
55.0     168
55.02    140
55.04    161
55.06    170
55.08    189
55.1     166
55.12    147
55.14    178
55.16    161
55.18    159
55.2     193
55.22    191
55.24    189
55.26    162
55.28    152
55.3     180
55.32    205
55.34    201
55.36    185
55.38    172
55.4     176
55.42    160
55.44    160
55.46    171
55.48    170
55.5     169
55.52    169
55.54    181
55.56    164
55.58    187
55.6     181
55.62    178
55.64    174
55.66    159
55.68    160
55.7     174
55.72    169
55.74    177
55.76    166
55.78    174
55.8     163
55.82    171
55.84    182
55.86    176
55.88    154
55.9     151
55.92    173
55.94    167
55.96    155
55.98    155
56.0     144
56.02    176
56.04    170
56.06    157
56.08    161
56.1     170
56.12    180
56.14    183
56.16    169
56.18    213
56.2     163
56.22    161
56.24    158
56.26    168
56.28    177
56.3     166
56.32    160
56.34    170
56.36    150
56.38    172
56.4     146
56.42    178
56.44    154
56.46    154
56.48    154
56.5     175
56.52    174
56.54    167
56.56    156
56.58    167
56.6     155
56.62    175
56.64    170
56.66    168
56.68    168
56.7     155
56.72    152
56.74    178
56.76    172
56.78    172
56.8     174
56.82    161
56.84    182
56.86    175
56.88    177
56.9     180
56.92    169
56.94    155
56.96    158
56.98    170
57.0     175
57.02    186
57.04    154
57.06    179
57.08    149
57.1     182
57.12    171
57.14    167
57.16    168
57.18    149
57.2     176
57.22    191
57.24    160
57.26    199
57.28    192
57.3     182
57.32    184
57.34    162
57.36    177
57.38    180
57.4     171
57.42    183
57.44    189
57.46    185
57.48    196
57.5     186
57.52    188
57.54    180
57.56    154
57.58    188
57.6     162
57.62    154
57.64    172
57.66    168
57.68    172
57.7     177
57.72    188
57.74    175
57.76    179
57.78    187
57.8     188
57.82    164
57.84    163
57.86    167
57.88    180
57.9     165
57.92    180
57.94    168
57.96    187
57.98    178
58.0     179
58.02    176
58.04    193
58.06    187
58.08    180
58.1     159
58.12    184
58.14    203
58.16    185
58.18    161
58.2     170
58.22    163
58.24    150
58.26    175
58.28    145
58.3     166
58.32    178
58.34    149
58.36    169
58.38    157
58.4     190
58.42    145
58.44    147
58.46    170
58.48    165
58.5     186
58.52    169
58.54    192
58.56    184
58.58    185
58.6     178
58.62    161
58.64    183
58.66    182
58.68    164
58.7     179
58.72    166
58.74    167
58.76    168
58.78    163
58.8     171
58.82    182
58.84    180
58.86    171
58.88    143
58.9     164
58.92    184
58.94    158
58.96    178
58.98    172
59.0     174
59.02    162
59.04    159
59.06    204
59.08    169
59.1     158
59.12    184
59.14    161
59.16    182
59.18    165
59.2     185
59.22    198
59.24    176
59.26    175
59.28    180
59.3     179
59.32    171
59.34    183
59.36    162
59.38    180
59.4     159
59.42    167
59.44    189
59.46    153
59.48    166
59.5     180
59.52    177
59.54    185
59.56    164
59.58    186
59.6     150
59.62    201
59.64    193
59.66    190
59.68    190
59.7     172
59.72    199
59.74    164
59.76    177
59.78    164
59.8     173
59.82    175
59.84    159
59.86    200
59.88    157
59.9     174
59.92    170
59.94    176
59.96    160
59.98    203
60.0     172
60.02    186
60.04    209
60.06    164
60.08    195
60.1     182
60.12    181
60.14    157
60.16    182
60.18    173
60.2     187
60.22    165
60.24    154
60.26    190
60.28    192
60.3     192
60.32    164
60.34    157
60.36    199
60.38    180
60.4     163
60.42    181
60.44    171
60.46    171
60.48    164
60.5     149
60.52    184
60.54    186
60.56    166
60.58    167
60.6     155
60.62    192
60.64    184
60.66    183
60.68    179
60.7     157
60.72    178
60.74    175
60.76    163
60.78    167
60.8     173
60.82    199
60.84    174
60.86    169
60.88    171
60.9     165
60.92    185
60.94    188
60.96    181
60.98    163
61.0     191
61.02    175
61.04    167
61.06    159
61.08    188
61.1     165
61.12    164
61.14    187
61.16    153
61.18    156
61.2     179
61.22    153
61.24    189
61.26    207
61.28    177
61.3     191
61.32    176
61.34    191
61.36    191
61.38    175
61.4     185
61.42    202
61.44    197
61.46    183
61.48    177
61.5     185
61.52    187
61.54    189
61.56    171
61.58    187
61.6     210
61.62    189
61.64    198
61.66    186
61.68    177
61.7     183
61.72    195
61.74    193
61.76    217
61.78    204
61.8     179
61.82    195
61.84    199
61.86    182
61.88    187
61.9     182
61.92    180
61.94    150
61.96    199
61.98    218
62.0     188
62.02    180
62.04    191
62.06    184
62.08    187
62.1     214
62.12    200
62.14    167
62.16    193
62.18    187
62.2     184
62.22    193
62.24    213
62.26    181
62.28    178
62.3     192
62.32    164
62.34    181
62.36    149
62.38    179
62.4     160
62.42    163
62.44    220
62.46    191
62.48    189
62.5     191
62.52    188
62.54    158
62.56    162
62.58    171
62.6     196
62.62    186
62.64    172
62.66    165
62.68    210
62.7     169
62.72    179
62.74    183
62.76    184
62.78    188
62.8     190
62.82    200
62.84    175
62.86    173
62.88    191
62.9     179
62.92    167
62.94    214
62.96    196
62.98    192
63.0     173
63.02    204
63.04    213
63.06    177
63.08    203
63.1     205
63.12    201
63.14    179
63.16    193
63.18    183
63.2     178
63.22    202
63.24    185
63.26    179
63.28    162
63.3     198
63.32    204
63.34    204
63.36    209
63.38    200
63.4     191
63.42    208
63.44    187
63.46    191
63.48    179
63.5     199
63.52    176
63.54    178
63.56    211
63.58    215
63.6     209
63.62    195
63.64    198
63.66    194
63.68    223
63.7     196
63.72    206
63.74    191
63.76    171
63.78    208
63.8     214
63.82    205
63.84    213
63.86    214
63.88    183
63.9     202
63.92    187
63.94    183
63.96    196
63.98    223
64.0     221
64.02    215
64.04    241
64.06    207
64.08    196
64.1     215
64.12    204
64.14    232
64.16    214
64.18    201
64.2     205
64.22    237
64.24    203
64.26    233
64.28    249
64.3     239
64.32    225
64.34    266
64.36    243
64.38    268
64.4     269
64.42    275
64.44    318
64.46    261
64.48    306
64.5     277
64.52    329
64.54    348
64.56    383
64.58    437
64.6     404
64.62    493
64.64    540
64.66    620
64.68    611
64.7     709
64.72    849
64.74    859
64.76    908
64.78    866
64.8     800
64.82    893
64.84    841
64.86    802
64.88    759
64.9     746
64.92    718
64.94    682
64.96    641
64.98    630
65.0     595
65.02    562
65.04    479
65.06    412
65.08    394
65.1     340
65.12    308
65.14    292
65.16    274
65.18    265
65.2     251
65.22    227
65.24    227
65.26    211
65.28    208
65.3     207
65.32    212
65.34    209
65.36    191
65.38    204
65.4     214
65.42    216
65.44    192
65.46    198
65.48    210
65.5     190
65.52    189
65.54    185
65.56    183
65.58    212
65.6     205
65.62    211
65.64    187
65.66    186
65.68    216
65.7     199
65.72    187
65.74    198
65.76    190
65.78    213
65.8     205
65.82    176
65.84    183
65.86    191
65.88    218
65.9     194
65.92    193
65.94    204
65.96    173
65.98    195
66.0     186
66.02    177
66.04    182
66.06    188
66.08    195
66.1     201
66.12    207
66.14    174
66.16    174
66.18    197
66.2     189
66.22    159
66.24    192
66.26    210
66.28    192
66.3     180
66.32    207
66.34    165
66.36    175
66.38    192
66.4     177
66.42    162
66.44    208
66.46    190
66.48    190
66.5     177
66.52    203
66.54    192
66.56    189
66.58    196
66.6     198
66.62    195
66.64    198
66.66    168
66.68    148
66.7     194
66.72    198
66.74    188
66.76    186
66.78    201
66.8     177
66.82    180
66.84    164
66.86    177
66.88    209
66.9     166
66.92    192
66.94    188
66.96    192
66.98    189
67.0     191
67.02    186
67.04    191
67.06    197
67.08    204
67.1     188
67.12    212
67.14    210
67.16    196
67.18    218
67.2     171
67.22    179
67.24    194
67.26    194
67.28    171
67.3     191
67.32    188
67.34    205
67.36    162
67.38    217
67.4     202
67.42    204
67.44    206
67.46    188
67.48    153
67.5     212
67.52    202
67.54    166
67.56    167
67.58    179
67.6     173
67.62    174
67.64    190
67.66    189
67.68    187
67.7     187
67.72    175
67.74    169
67.76    200
67.78    215
67.8     164
67.82    199
67.84    180
67.86    183
67.88    206
67.9     186
67.92    189
67.94    179
67.96    188
67.98    219
68.0     179
68.02    194
68.04    182
68.06    203
68.08    200
68.1     188
68.12    191
68.14    179
68.16    199
68.18    182
68.2     186
68.22    213
68.24    211
68.26    213
68.28    182
68.3     186
68.32    206
68.34    170
68.36    176
68.38    189
68.4     175
68.42    181
68.44    192
68.46    194
68.48    208
68.5     196
68.52    189
68.54    179
68.56    182
68.58    197
68.6     173
68.62    189
68.64    194
68.66    200
68.68    192
68.7     191
68.72    203
68.74    185
68.76    182
68.78    207
68.8     180
68.82    192
68.84    178
68.86    179
68.88    203
68.9     199
68.92    184
68.94    206
68.96    190
68.98    175
69.0     207
69.02    193
69.04    180
69.06    207
69.08    193
69.1     214
69.12    166
69.14    204
69.16    185
69.18    175
69.2     213
69.22    202
69.24    191
69.26    200
69.28    221
69.3     198
69.32    216
69.34    182
69.36    197
69.38    186
69.4     180
69.42    200
69.44    199
69.46    168
69.48    193
69.5     207
69.52    183
69.54    194
69.56    203
69.58    187
69.6     190
69.62    182
69.64    197
69.66    204
69.68    232
69.7     197
69.72    174
69.74    202
69.76    204
69.78    174
69.8     189
69.82    190
69.84    218
69.86    184
69.88    198
69.9     179
69.92    186
69.94    192
69.96    185
69.98    225
70.0     221
70.02    181
70.04    210
70.06    204
70.08    216
70.1     198
70.12    213
70.14    186
70.16    205
70.18    185
70.2     208
70.22    203
70.24    208
70.26    200
70.28    165
70.3     184
70.32    198
70.34    183
70.36    187
70.38    194
70.4     197
70.42    207
70.44    183
70.46    192
70.48    172
70.5     189
70.52    203
70.54    158
70.56    203
70.58    216
70.6     191
70.62    192
70.64    183
70.66    198
70.68    191
70.7     214
70.72    206
70.74    195
70.76    199
70.78    215
70.8     218
70.82    187
70.84    185
70.86    206
70.88    197
70.9     202
70.92    220
70.94    199
70.96    169
70.98    184
71.0     191
71.02    180
71.04    196
71.06    165
71.08    197
71.1     222
71.12    215
71.14    173
71.16    200
71.18    209
71.2     195
71.22    196
71.24    217
71.26    209
71.28    198
71.3     204
71.32    196
71.34    192
71.36    196
71.38    230
71.4     180
71.42    200
71.44    203
71.46    218
71.48    197
71.5     215
71.52    206
71.54    246
71.56    201
71.58    201
71.6     183
71.62    187
71.64    195
71.66    199
71.68    182
71.7     185
71.72    201
71.74    218
71.76    186
71.78    224
71.8     195
71.82    208
71.84    181
71.86    202
71.88    222
71.9     198
71.92    182
71.94    217
71.96    208
71.98    218
72.0     185
72.02    196
72.04    187
72.06    183
72.08    180
72.1     195
72.12    194
72.14    200
72.16    224
72.18    201
72.2     197
72.22    200
72.24    208
72.26    225
72.28    204
72.3     190
72.32    176
72.34    202
72.36    194
72.38    195
72.4     208
72.42    219
72.44    171
72.46    203
72.48    212
72.5     218
72.52    191
72.54    173
72.56    202
72.58    202
72.6     190
72.62    211
72.64    192
72.66    206
72.68    204
72.7     202
72.72    230
72.74    216
72.76    211
72.78    204
72.8     204
72.82    176
72.84    196
72.86    189
72.88    204
72.9     198
72.92    207
72.94    184
72.96    238
72.98    202
73.0     211
73.02    211
73.04    229
73.06    225
73.08    218
73.1     196
73.12    200
73.14    194
73.16    161
73.18    232
73.2     221
73.22    215
73.24    211
73.26    180
73.28    221
73.3     224
73.32    230
73.34    214
73.36    206
73.38    215
73.4     236
73.42    206
73.44    195
73.46    223
73.48    199
73.5     195
73.52    212
73.54    208
73.56    219
73.58    184
73.6     212
73.62    202
73.64    180
73.66    204
73.68    226
73.7     214
73.72    216
73.74    207
73.76    217
73.78    214
73.8     197
73.82    202
73.84    195
73.86    233
73.88    203
73.9     246
73.92    224
73.94    228
73.96    226
73.98    211
74.0     219
74.02    240
74.04    240
74.06    229
74.08    213
74.1     213
74.12    231
74.14    230
74.16    235
74.18    238
74.2     228
74.22    221
74.24    241
74.26    217
74.28    229
74.3     243
74.32    244
74.34    236
74.36    205
74.38    232
74.4     230
74.42    236
74.44    259
74.46    230
74.48    224
74.5     222
74.52    264
74.54    227
74.56    253
74.58    248
74.6     260
74.62    264
74.64    253
74.66    250
74.68    285
74.7     256
74.72    294
74.74    279
74.76    340
74.78    312
74.8     348
74.82    324
74.84    335
74.86    344
74.88    384
74.9     380
74.92    408
74.94    405
74.96    369
74.98    403
75.0     384
75.02    381
75.04    347
75.06    363
75.08    346
75.1     333
75.12    383
75.14    353
75.16    338
75.18    324
75.2     305
75.22    314
75.24    311
75.26    284
75.28    297
75.3     247
75.32    257
75.34    242
75.36    260
75.38    222
75.4     266
75.42    247
75.44    211
75.46    228
75.48    219
75.5     240
75.52    213
75.54    225
75.56    220
75.58    237
75.6     205
75.62    234
75.64    250
75.66    228
75.68    242
75.7     219
75.72    231
75.74    228
75.76    230
75.78    200
75.8     223
75.82    242
75.84    225
75.86    225
75.88    216
75.9     227
75.92    204
75.94    221
75.96    216
75.98    226
76.0     213
76.02    215
76.04    208
76.06    201
76.08    204
76.1     205
76.12    222
76.14    222
76.16    195
76.18    206
76.2     214
76.22    237
76.24    246
76.26    207
76.28    232
76.3     248
76.32    205
76.34    220
76.36    217
76.38    217
76.4     210
76.42    257
76.44    195
76.46    198
76.48    222
76.5     225
76.52    219
76.54    180
76.56    193
76.58    204
76.6     189
76.62    220
76.64    232
76.66    223
76.68    232
76.7     230
76.72    221
76.74    257
76.76    213
76.78    228
76.8     240
76.82    218
76.84    204
76.86    203
76.88    209
76.9     224
76.92    211
76.94    210
76.96    211
76.98    253
77.0     201
77.02    216
77.04    242
77.06    207
77.08    210
77.1     244
77.12    231
77.14    250
77.16    221
77.18    243
77.2     223
77.22    221
77.24    193
77.26    209
77.28    258
77.3     215
77.32    234
77.34    225
77.36    235
77.38    225
77.4     248
77.42    248
77.44    243
77.46    235
77.48    201
77.5     232
77.52    284
77.54    254
77.56    260
77.58    259
77.6     265
77.62    266
77.64    277
77.66    320
77.68    335
77.7     359
77.72    377
77.74    427
77.76    437
77.78    474
77.8     486
77.82    526
77.84    529
77.86    560
77.88    572
77.9     547
77.92    580
77.94    536
77.96    567
77.98    451
78.0     468
78.02    465
78.04    483
78.06    442
78.08    468
78.1     479
78.12    412
78.14    398
78.16    398
78.18    379
78.2     381
78.22    308
78.24    302
78.26    324
78.28    290
78.3     285
78.32    255
78.34    248
78.36    238
78.38    255
78.4     267
78.42    247
78.44    243
78.46    254
78.48    239
78.5     229
78.52    252
78.54    213
78.56    227
78.58    253
78.6     256
78.62    256
78.64    208
78.66    210
78.68    244
78.7     195
78.72    223
78.74    220
78.76    239
78.78    244
78.8     227
78.82    222
78.84    251
78.86    232
78.88    242
78.9     222
78.92    214
78.94    222
78.96    213
78.98    213
79.0     216
79.02    215
79.04    220
79.06    236
79.08    219
79.1     199
79.12    241
79.14    237
79.16    250
79.18    224
79.2     234
79.22    254
79.24    210
79.26    243
79.28    242
79.3     253
79.32    238
79.34    217
79.36    224
79.38    239
79.4     207
79.42    234
79.44    256
79.46    251
79.48    237
79.5     248
79.52    225
79.54    238
79.56    239
79.58    213
79.6     252
79.62    232
79.64    212
79.66    218
79.68    253
79.7     208
79.72    240
79.74    248
79.76    239
79.78    204
79.8     205
79.82    242
79.84    250
79.86    232
79.88    207
79.9     215
79.92    233
79.94    211
79.96    239
79.98    243
80.0     235
80.02    227
80.04    252
80.06    248
80.08    225
80.1     230
80.12    235
80.14    237
80.16    229
80.18    200
80.2     241
80.22    236
80.24    229
80.26    224
80.28    226
80.3     236
80.32    225
80.34    228
80.36    221
80.38    207
80.4     211
80.42    217
80.44    218
80.46    221
80.48    253
80.5     251
80.52    214
80.54    250
80.56    247
80.58    245
80.6     252
80.62    230
80.64    254
80.66    254
80.68    258
80.7     235
80.72    276
80.74    296
80.76    219
80.78    268
80.8     255
80.82    258
80.84    268
80.86    236
80.88    254
80.9     265
80.92    280
80.94    264
80.96    291
80.98    271
81.0     263
81.02    249
81.04    290
81.06    259
81.08    310
81.1     272
81.12    284
81.14    285
81.16    315
81.18    310
81.2     308
81.22    306
81.24    332
81.26    296
81.28    326
81.3     334
81.32    364
81.34    338
81.36    339
81.38    372
81.4     364
81.42    328
81.44    362
81.46    343
81.48    365
81.5     364
81.52    372
81.54    355
81.56    330
81.58    382
81.6     373
81.62    364
81.64    399
81.66    400
81.68    408
81.7     408
81.72    422
81.74    432
81.76    432
81.78    415
81.8     420
81.82    471
81.84    432
81.86    490
81.88    435
81.9     469
81.92    488
81.94    492
81.96    558
81.98    589
82.0     596
82.02    610
82.04    637
82.06    639
82.08    693
82.1     671
82.12    685
82.14    677
82.16    684
82.18    587
82.2     526
82.22    579
82.24    497
82.26    452
82.28    463
82.3     433
82.32    396
82.34    441
82.36    410
82.38    401
82.4     436
82.42    387
82.44    373
82.46    368
82.48    332
82.5     318
82.52    248
82.54    285
82.56    288
82.58    280
82.6     263
82.62    232
82.64    261
82.66    243
82.68    238
82.7     231
82.72    277
82.74    241
82.76    246
82.78    244
82.8     254
82.82    227
82.84    241
82.86    232
82.88    219
82.9     237
82.92    248
82.94    225
82.96    253
82.98    241
83.0     235
83.02    226
83.04    248
83.06    231
83.08    220
83.1     222
83.12    233
83.14    261
83.16    240
83.18    224
83.2     223
83.22    240
83.24    217
83.26    248
83.28    227
83.3     232
83.32    225
83.34    194
83.36    251
83.38    239
83.4     221
83.42    257
83.44    231
83.46    233
83.48    226
83.5     210
83.52    221
83.54    239
83.56    223
83.58    230
83.6     195
83.62    216
83.64    237
83.66    243
83.68    227
83.7     221
83.72    231
83.74    216
83.76    224
83.78    206
83.8     207
83.82    250
83.84    228
83.86    211
83.88    236
83.9     219
83.92    225
83.94    220
83.96    229
83.98    217
84.0     238
84.02    219
84.04    222
84.06    206
84.08    241
84.1     235
84.12    228
84.14    236
84.16    228
84.18    248
84.2     211
84.22    211
84.24    235
84.26    238
84.28    259
84.3     203
84.32    242
84.34    224
84.36    230
84.38    209
84.4     215
84.42    240
84.44    207
84.46    233
84.48    263
84.5     230
84.52    209
84.54    232
84.56    221
84.58    207
84.6     241
84.62    230
84.64    206
84.66    232
84.68    228
84.7     227
84.72    228
84.74    237
84.76    226
84.78    253
84.8     226
84.82    242
84.84    230
84.86    223
84.88    239
84.9     225
84.92    226
84.94    212
84.96    222
84.98    201
85.0     238
85.02    224
85.04    225
85.06    209
85.08    214
85.1     223
85.12    218
85.14    253
85.16    212
85.18    208
85.2     209
85.22    222
85.24    210
85.26    189
85.28    247
85.3     233
85.32    225
85.34    213
85.36    220
85.38    213
85.4     214
85.42    238
85.44    220
85.46    229
85.48    219
85.5     217
85.52    208
85.54    214
85.56    215
85.58    220
85.6     204
85.62    218
85.64    225
85.66    223
85.68    233
85.7     214
85.72    247
85.74    243
85.76    196
85.78    209
85.8     211
85.82    221
85.84    233
85.86    225
85.88    205
85.9     208
85.92    217
85.94    223
85.96    224
85.98    224
86.0     232
86.02    210
86.04    189
86.06    205
86.08    223
86.1     219
86.12    245
86.14    235
86.16    238
86.18    238
86.2     232
86.22    236
86.24    237
86.26    240
86.28    220
86.3     236
86.32    247
86.34    197
86.36    224
86.38    256
86.4     215
86.42    232
86.44    214
86.46    223
86.48    204
86.5     233
86.52    202
86.54    227
86.56    200
86.58    223
86.6     210
86.62    230
86.64    203
86.66    208
86.68    225
86.7     246
86.72    230
86.74    224
86.76    228
86.78    223
86.8     220
86.82    213
86.84    201
86.86    228
86.88    239
86.9     226
86.92    229
86.94    227
86.96    220
86.98    225
87.0     247
87.02    222
87.04    210
87.06    225
87.08    218
87.1     208
87.12    208
87.14    223
87.16    241
87.18    223
87.2     227
87.22    222
87.24    222
87.26    207
87.28    215
87.3     214
87.32    211
87.34    200
87.36    198
87.38    201
87.4     234
87.42    223
87.44    246
87.46    232
87.48    213
87.5     232
87.52    248
87.54    218
87.56    235
87.58    246
87.6     220
87.62    214
87.64    215
87.66    221
87.68    228
87.7     218
87.72    230
87.74    203
87.76    207
87.78    208
87.8     228
87.82    229
87.84    206
87.86    256
87.88    222
87.9     206
87.92    232
87.94    223
87.96    242
87.98    228
88.0     208
88.02    213
88.04    233
88.06    221
88.08    240
88.1     221
88.12    199
88.14    207
88.16    216
88.18    221
88.2     216
88.22    225
88.24    227
88.26    228
88.28    223
88.3     219
88.32    230
88.34    209
88.36    219
88.38    216
88.4     201
88.42    207
88.44    212
88.46    221
88.48    239
88.5     215
88.52    222
88.54    232
88.56    231
88.58    220
88.6     242
88.62    245
88.64    205
88.66    217
88.68    266
88.7     216
88.72    241
88.74    194
88.76    220
88.78    229
88.8     217
88.82    206
88.84    216
88.86    233
88.88    238
88.9     235
88.92    199
88.94    216
88.96    265
88.98    231
89.0     231
89.02    210
89.04    243
89.06    237
89.08    217
89.1     234
89.12    237
89.14    234
89.16    262
89.18    245
89.2     227
89.22    236
89.24    213
89.26    241
89.28    215
89.3     200
89.32    247
89.34    220
89.36    207
89.38    211
89.4     237
89.42    256
89.44    200
89.46    231
89.48    223
89.5     211
89.52    242
89.54    219
89.56    242
89.58    207
89.6     229
89.62    241
89.64    234
89.66    249
89.68    271
89.7     212
89.72    231
89.74    248
89.76    236
89.78    224
89.8     239
89.82    268
89.84    202
89.86    223
89.88    249
89.9     223
89.92    208
89.94    216
89.96    222
89.98    268
90.0     264
90.02    210
90.04    239
90.06    221
90.08    262
90.1     229
90.12    221
90.14    239
90.16    228
90.18    260
90.2     264
90.22    231
90.24    231
90.26    254
90.28    257
90.3     242
90.32    238
90.34    227
90.36    260
90.38    255
90.4     238
90.42    258
90.44    227
90.46    231
90.48    257
90.5     262
90.52    274
90.54    270
90.56    252
90.58    275
90.6     263
90.62    277
90.64    254
90.66    272
90.68    304
90.7     290
90.72    267
90.74    298
90.76    308
90.78    308
90.8     305
90.82    320
90.84    306
90.86    318
90.88    302
90.9     300
90.92    333
90.94    332
90.96    375
90.98    344
91.0     372
91.02    373
91.04    352
91.06    365
91.08    371
91.1     409
91.12    368
91.14    396
91.16    361
91.18    364
91.2     287
91.22    362
91.24    319
91.26    299
91.28    326
91.3     301
91.32    304
91.34    307
91.36    330
91.38    277
91.4     292
91.42    281
91.44    313
91.46    282
91.48    267
91.5     296
91.52    287
91.54    234
91.56    248
91.58    235
91.6     242
91.62    269
91.64    245
91.66    266
91.68    264
91.7     229
91.72    239
91.74    224
91.76    236
91.78    234
91.8     241
91.82    244
91.84    242
91.86    247
91.88    243
91.9     252
91.92    225
91.94    235
91.96    246
91.98    240
92.0     269
92.02    242
92.04    211
92.06    258
92.08    203
92.1     253
92.12    226
92.14    211
92.16    234
92.18    231
92.2     238
92.22    226
92.24    213
92.26    223
92.28    235
92.3     211
92.32    218
92.34    204
92.36    249
92.38    226
92.4     223
92.42    209
92.44    250
92.46    242
92.48    212
92.5     229
92.52    186
92.54    208
92.56    237
92.58    225
92.6     232
92.62    241
92.64    227
92.66    229
92.68    221
92.7     232
92.72    223
92.74    215
92.76    243
92.78    232
92.8     239
92.82    216
92.84    242
92.86    247
92.88    215
92.9     243
92.92    236
92.94    226
92.96    210
92.98    220
93.0     219
93.02    230
93.04    243
93.06    224
93.08    210
93.1     234
93.12    209
93.14    212
93.16    248
93.18    263
93.2     235
93.22    240
93.24    218
93.26    218
93.28    215
93.3     223
93.32    200
93.34    265
93.36    239
93.38    228
93.4     223
93.42    233
93.44    237
93.46    194
93.48    233
93.5     263
93.52    238
93.54    236
93.56    247
93.58    229
93.6     215
93.62    239
93.64    233
93.66    224
93.68    206
93.7     245
93.72    232
93.74    253
93.76    213
93.78    240
93.8     236
93.82    247
93.84    238
93.86    205
93.88    206
93.9     198
93.92    233
93.94    210
93.96    201
93.98    221
94.0     219
94.02    228
94.04    217
94.06    229
94.08    251
94.1     211
94.12    190
94.14    244
94.16    230
94.18    222
94.2     192
94.22    220
94.24    214
94.26    221
94.28    228
94.3     223
94.32    200
94.34    235
94.36    213
94.38    242
94.4     218
94.42    211
94.44    216
94.46    228
94.48    249
94.5     243
94.52    226
94.54    239
94.56    227
94.58    208
94.6     215
94.62    228
94.64    219
94.66    213
94.68    241
94.7     215
94.72    226
94.74    225
94.76    205
94.78    221
94.8     229
94.82    233
94.84    212
94.86    207
94.88    244
94.9     247
94.92    212
94.94    235
94.96    242
94.98    244
95.0     214
95.02    242
95.04    223
95.06    240
95.08    236
95.1     241
95.12    235
95.14    215
95.16    231
95.18    242
95.2     229
95.22    217
95.24    216
95.26    225
95.28    210
95.3     198
95.32    222
95.34    213
95.36    211
95.38    235
95.4     215
95.42    227
95.44    269
95.46    230
95.48    225
95.5     224
95.52    241
95.54    222
95.56    227
95.58    223
95.6     206
95.62    230
95.64    223
95.66    211
95.68    231
95.7     224
95.72    218
95.74    232
95.76    230
95.78    253
95.8     238
95.82    244
95.84    204
95.86    235
95.88    195
95.9     225
95.92    222
95.94    210
95.96    241
95.98    235
96.0     219
96.02    235
96.04    224
96.06    207
96.08    232
96.1     222
96.12    256
96.14    253
96.16    221
96.18    223
96.2     244
96.22    218
96.24    242
96.26    268
96.28    237
96.3     263
96.32    254
96.34    277
96.36    252
96.38    236
96.4     264
96.42    252
96.44    248
96.46    278
96.48    262
96.5     230
96.52    251
96.54    259
96.56    240
96.58    251
96.6     244
96.62    244
96.64    242
96.66    275
96.68    250
96.7     245
96.72    263
96.74    207
96.76    214
96.78    253
96.8     225
96.82    228
96.84    253
96.86    234
96.88    232
96.9     222
96.92    241
96.94    258
96.96    235
96.98    222
97.0     226
97.02    215
97.04    251
97.06    210
97.08    228
97.1     240
97.12    237
97.14    228
97.16    235
97.18    249
97.2     249
97.22    241
97.24    212
97.26    239
97.28    245
97.3     216
97.32    268
97.34    228
97.36    255
97.38    245
97.4     263
97.42    242
97.44    263
97.46    238
97.48    263
97.5     250
97.52    285
97.54    235
97.56    236
97.58    241
97.6     286
97.62    260
97.64    219
97.66    276
97.68    277
97.7     239
97.72    273
97.74    265
97.76    273
97.78    247
97.8     258
97.82    252
97.84    253
97.86    300
97.88    239
97.9     279
97.92    297
97.94    296
97.96    276
97.98    298
98.0     304
98.02    289
98.04    275
98.06    266
98.08    298
98.1     336
98.12    267
98.14    323
98.16    306
98.18    302
98.2     321
98.22    275
98.24    324
98.26    307
98.28    321
98.3     332
98.32    312
98.34    284
98.36    344
98.38    351
98.4     353
98.42    347
98.44    345
98.46    363
98.48    366
98.5     413
98.52    423
98.54    411
98.56    392
98.58    414
98.6     444
98.62    474
98.64    441
98.66    437
98.68    476
98.7     440
98.72    433
98.74    427
98.76    407
98.78    430
98.8     399
98.82    356
98.84    394
98.86    364
98.88    381
98.9     365
98.92    359
98.94    334
98.96    355
98.98    331
99.0     336
99.02    338
99.04    321
99.06    304
99.08    285
99.1     295
99.12    286
99.14    275
99.16    240
99.18    288
99.2     271
99.22    285
99.24    229
99.26    239
99.28    248
99.3     259
99.32    238
99.34    239
99.36    231
99.38    226
99.4     247
99.42    244
99.44    250
99.46    203
99.48    215
99.5     231
99.52    194
99.54    178
99.56    189
99.58    212
99.6     233
99.62    227
99.64    233
99.66    200
99.68    266
99.7     217
99.72    224
99.74    209
99.76    235
99.78    241
99.8     213
99.82    221
99.84    222
99.86    236
99.88    210
99.9     203
99.92    239
99.94    195
99.96    213
99.98    222
100.0    209
100.02   224
100.04   228
100.06   211
100.08   229
100.1    221
100.12   243
100.14   243
100.16   241
100.18   232
100.2    216
100.22   207
100.24   222
100.26   232
100.28   239
100.3    227
100.32   228
100.34   228
100.36   247
100.38   210
100.4    200
100.42   214
100.44   224
100.46   214
100.48   248
100.5    234
100.52   244
100.54   225
100.56   227
100.58   233
100.6    236
100.62   199
100.64   236
100.66   210
100.68   265
100.7    246
100.72   216
100.74   233
100.76   222
100.78   248
100.8    236
100.82   226
100.84   249
100.86   231
100.88   234
100.9    216
100.92   239
100.94   235
100.96   228
100.98   209
101.0    217
101.02   205
101.04   223
101.06   236
101.08   212
101.1    210
101.12   228
101.14   243
101.16   230
101.18   216
101.2    234
101.22   221
101.24   239
101.26   241
101.28   207
101.3    229
101.32   231
101.34   222
101.36   221
101.38   215
101.4    223
101.42   224
101.44   223
101.46   213
101.48   224
101.5    241
101.52   234
101.54   231
101.56   222
101.58   212
101.6    222
101.62   234
101.64   216
101.66   205
101.68   192
101.7    260
101.72   243
101.74   223
101.76   244
101.78   205
101.8    225
101.82   237
101.84   225
101.86   225
101.88   209
101.9    240
101.92   214
101.94   228
101.96   202
101.98   231
102.0    209
102.02   211
102.04   236
102.06   226
102.08   225
102.1    207
102.12   215
102.14   219
102.16   230
102.18   228
102.2    244
102.22   193
102.24   241
102.26   222
102.28   245
102.3    231
102.32   242
102.34   245
102.36   229
102.38   199
102.4    236
102.42   199
102.44   194
102.46   216
102.48   213
102.5    209
102.52   230
102.54   216
102.56   245
102.58   207
102.6    210
102.62   215
102.64   254
102.66   243
102.68   226
102.7    225
102.72   231
102.74   245
102.76   228
102.78   227
102.8    203
102.82   239
102.84   232
102.86   217
102.88   246
102.9    236
102.92   212
102.94   227
102.96   220
102.98   225
103.0    221
103.02   227
103.04   220
103.06   194
103.08   214
103.1    214
103.12   241
103.14   241
103.16   227
103.18   218
103.2    215
103.22   222
103.24   237
103.26   228
103.28   215
103.3    234
103.32   242
103.34   230
103.36   249
103.38   225
103.4    227
103.42   205
103.44   225
103.46   218
103.48   215
103.5    242
103.52   215
103.54   255
103.56   241
103.58   201
103.6    252
103.62   229
103.64   224
103.66   236
103.68   241
103.7    215
103.72   203
103.74   209
103.76   215
103.78   224
103.8    215
103.82   216
103.84   225
103.86   221
103.88   228
103.9    226
103.92   244
103.94   247
103.96   273
103.98   213
104.0    244
104.02   236
104.04   241
104.06   227
104.08   212
104.1    225
104.12   229
104.14   214
104.16   214
104.18   247
104.2    235
104.22   248
104.24   206
104.26   218
104.28   223
104.3    229
104.32   198
104.34   228
104.36   223
104.38   221
104.4    201
104.42   239
104.44   223
104.46   232
104.48   246
104.5    204
104.52   236
104.54   225
104.56   231
104.58   228
104.6    216
104.62   243
104.64   193
104.66   227
104.68   243
104.7    236
104.72   245
104.74   236
104.76   262
104.78   224
104.8    213
104.82   239
104.84   213
104.86   210
104.88   209
104.9    240
104.92   235
104.94   220
104.96   197
104.98   215
105.0    248
105.02   219
105.04   239
105.06   214
105.08   224
105.1    239
105.12   234
105.14   215
105.16   213
105.18   223
105.2    222
105.22   210
105.24   218
105.26   258
105.28   238
105.3    222
105.32   228
105.34   200
105.36   243
105.38   202
105.4    222
105.42   225
105.44   216
105.46   231
105.48   222
105.5    209
105.52   232
105.54   233
105.56   228
105.58   226
105.6    234
105.62   224
105.64   245
105.66   225
105.68   226
105.7    227
105.72   207
105.74   211
105.76   242
105.78   243
105.8    204
105.82   210
105.84   212
105.86   240
105.88   231
105.9    225
105.92   226
105.94   238
105.96   210
105.98   241
106.0    209
106.02   203
106.04   197
106.06   201
106.08   252
106.1    210
106.12   225
106.14   241
106.16   252
106.18   243
106.2    214
106.22   212
106.24   217
106.26   221
106.28   221
106.3    230
106.32   197
106.34   233
106.36   224
106.38   223
106.4    215
106.42   228
106.44   228
106.46   232
106.48   209
106.5    225
106.52   245
106.54   212
106.56   253
106.58   232
106.6    225
106.62   241
106.64   221
106.66   209
106.68   222
106.7    225
106.72   224
106.74   241
106.76   205
106.78   226
106.8    236
106.82   249
106.84   219
106.86   218
106.88   220
106.9    212
106.92   202
106.94   220
106.96   197
106.98   199
107.0    203
107.02   234
107.04   233
107.06   223
107.08   208
107.1    226
107.12   227
107.14   222
107.16   213
107.18   251
107.2    240
107.22   228
107.24   240
107.26   240
107.28   232
107.3    212
107.32   217
107.34   224
107.36   216
107.38   198
107.4    240
107.42   248
107.44   211
107.46   222
107.48   236
107.5    246
107.52   245
107.54   239
107.56   221
107.58   240
107.6    222
107.62   236
107.64   220
107.66   215
107.68   225
107.7    215
107.72   208
107.74   200
107.76   206
107.78   195
107.8    239
107.82   225
107.84   197
107.86   221
107.88   229
107.9    204
107.92   228
107.94   225
107.96   223
107.98   234
108.0    215
108.02   207
108.04   223
108.06   242
108.08   196
108.1    236
108.12   212
108.14   224
108.16   227
108.18   233
108.2    212
108.22   218
108.24   217
108.26   226
108.28   217
108.3    236
108.32   228
108.34   237
108.36   245
108.38   229
108.4    202
108.42   233
108.44   220
108.46   236
108.48   256
108.5    225
108.52   233
108.54   225
108.56   215
108.58   241
108.6    244
108.62   226
108.64   223
108.66   222
108.68   234
108.7    227
108.72   229
108.74   223
108.76   239
108.78   218
108.8    202
108.82   232
108.84   216
108.86   214
108.88   214
108.9    249
108.92   214
108.94   242
108.96   215
108.98   246
109.0    236
109.02   245
109.04   225
109.06   206
109.08   243
109.1    230
109.12   246
109.14   227
109.16   219
109.18   223
109.2    204
109.22   248
109.24   206
109.26   230
109.28   252
109.3    238
109.32   220
109.34   218
109.36   213
109.38   228
109.4    258
109.42   256
109.44   238
109.46   216
109.48   221
109.5    227
109.52   203
109.54   212
109.56   232
109.58   236
109.6    207
109.62   220
109.64   234
109.66   223
109.68   232
109.7    226
109.72   226
109.74   255
109.76   228
109.78   208
109.8    232
109.82   213
109.84   238
109.86   220
109.88   215
109.9    223
109.92   226
109.94   230
109.96   208
109.98   228
110.0    226
110.02   260
110.04   264
110.06   211
110.08   239
110.1    249
110.12   251
110.14   257
110.16   217
110.18   222
110.2    230
110.22   240
110.24   220
110.26   236
110.28   226
110.3    222
110.32   235
110.34   245
110.36   224
110.38   237
110.4    240
110.42   246
110.44   248
110.46   229
110.48   214
110.5    227
110.52   220
110.54   211
110.56   223
110.58   244
110.6    233
110.62   208
110.64   212
110.66   231
110.68   228
110.7    215
110.72   218
110.74   228
110.76   234
110.78   227
110.8    273
110.82   220
110.84   226
110.86   234
110.88   217
110.9    217
110.92   208
110.94   247
110.96   251
110.98   211
111.0    231
111.02   206
111.04   237
111.06   254
111.08   205
111.1    236
111.12   255
111.14   219
111.16   224
111.18   197
111.2    250
111.22   222
111.24   210
111.26   225
111.28   227
111.3    231
111.32   220
111.34   226
111.36   248
111.38   254
111.4    225
111.42   255
111.44   216
111.46   232
111.48   244
111.5    248
111.52   264
111.54   231
111.56   228
111.58   228
111.6    263
111.62   222
111.64   250
111.66   208
111.68   242
111.7    225
111.72   261
111.74   223
111.76   207
111.78   260
111.8    237
111.82   227
111.84   229
111.86   239
111.88   242
111.9    240
111.92   240
111.94   237
111.96   222
111.98   214
112.0    234
112.02   220
112.04   238
112.06   257
112.08   233
112.1    228
112.12   225
112.14   221
112.16   210
112.18   238
112.2    224
112.22   246
112.24   218
112.26   222
112.28   229
112.3    229
112.32   214
112.34   239
112.36   231
112.38   233
112.4    246
112.42   224
112.44   209
112.46   209
112.48   249
112.5    225
112.52   258
112.54   222
112.56   230
112.58   216
112.6    216
112.62   215
112.64   248
112.66   210
112.68   235
112.7    217
112.72   237
112.74   238
112.76   216
112.78   231
112.8    220
112.82   208
112.84   238
112.86   241
112.88   237
112.9    229
112.92   224
112.94   247
112.96   237
112.98   229
113.0    224
113.02   209
113.04   241
113.06   232
113.08   223
113.1    266
113.12   220
113.14   255
113.16   240
113.18   199
113.2    249
113.22   199
113.24   204
113.26   231
113.28   208
113.3    235
113.32   214
113.34   226
113.36   238
113.38   223
113.4    238
113.42   224
113.44   238
113.46   202
113.48   212
113.5    233
113.52   246
113.54   251
113.56   249
113.58   230
113.6    234
113.62   228
113.64   233
113.66   206
113.68   229
113.7    233
113.72   229
113.74   245
113.76   228
113.78   240
113.8    230
113.82   241
113.84   237
113.86   252
113.88   235
113.9    207
113.92   215
113.94   216
113.96   252
113.98   246
114.0    234
114.02   221
114.04   239
114.06   219
114.08   204
114.1    246
114.12   189
114.14   228
114.16   246
114.18   242
114.2    226
114.22   226
114.24   205
114.26   221
114.28   260
114.3    233
114.32   257
114.34   229
114.36   261
114.38   235
114.4    232
114.42   226
114.44   229
114.46   252
114.48   218
114.5    226
114.52   227
114.54   225
114.56   205
114.58   225
114.6    221
114.62   226
114.64   243
114.66   229
114.68   220
114.7    230
114.72   249
114.74   231
114.76   229
114.78   225
114.8    220
114.82   249
114.84   224
114.86   223
114.88   245
114.9    253
114.92   258
114.94   244
114.96   268
114.98   220
115.0    214
115.02   247
115.04   215
115.06   227
115.08   220
115.1    230
115.12   238
115.14   248
115.16   241
115.18   225
115.2    260
115.22   244
115.24   211
115.26   246
115.28   264
115.3    229
115.32   234
115.34   244
115.36   246
115.38   232
115.4    240
115.42   235
115.44   233
115.46   223
115.48   249
115.5    231
115.52   257
115.54   237
115.56   266
115.58   237
115.6    247
115.62   260
115.64   247
115.66   283
115.68   327
115.7    262
115.72   266
115.74   275
115.76   278
115.78   272
115.8    273
115.82   286
115.84   314
115.86   264
115.88   293
115.9    277
115.92   280
115.94   298
115.96   308
115.98   317
116.0    320
116.02   254
116.04   311
116.06   267
116.08   275
116.1    271
116.12   281
116.14   273
116.16   289
116.18   299
116.2    288
116.22   297
116.24   279
116.26   291
116.28   277
116.3    302
116.32   277
116.34   260
116.36   286
116.38   257
116.4    283
116.42   273
116.44   311
116.46   267
116.48   260
116.5    238
116.52   252
116.54   264
116.56   255
116.58   252
116.6    252
116.62   247
116.64   232
116.66   228
116.68   282
116.7    241
116.72   251
116.74   224
116.76   260
116.78   247
116.8    246
116.82   236
116.84   240
116.86   230
116.88   240
116.9    220
116.92   238
116.94   229
116.96   261
116.98   233
117.0    249
117.02   223
117.04   236
117.06   198
117.08   239
117.1    228
117.12   229
117.14   228
117.16   243
117.18   231
117.2    243
117.22   228
117.24   233
117.26   232
117.28   225
117.3    220
117.32   222
117.34   226
117.36   227
117.38   219
117.4    247
117.42   235
117.44   252
117.46   242
117.48   260
117.5    242
117.52   243
117.54   229
117.56   219
117.58   229
117.6    251
117.62   229
117.64   233
117.66   218
117.68   251
117.7    205
117.72   257
117.74   250
117.76   230
117.78   239
117.8    231
117.82   235
117.84   265
117.86   226
117.88   226
117.9    237
117.92   240
117.94   246
117.96   234
117.98   242
118.0    236
118.02   232
118.04   221
118.06   223
118.08   209
118.1    232
118.12   246
118.14   245
118.16   254
118.18   207
118.2    239
118.22   272
118.24   211
118.26   217
118.28   236
118.3    254
118.32   239
118.34   240
118.36   205
118.38   214
118.4    231
118.42   206
118.44   224
118.46   216
118.48   258
118.5    233
118.52   253
118.54   247
118.56   251
118.58   262
118.6    243
118.62   233
118.64   238
118.66   220
118.68   224
118.7    213
118.72   220
118.74   242
118.76   233
118.78   253
118.8    239
118.82   221
118.84   228
118.86   246
118.88   247
118.9    227
118.92   211
118.94   220
118.96   221
118.98   230
119.0    216
119.02   199
119.04   205
119.06   215
119.08   255
119.1    224
119.12   241
119.14   223
119.16   218
119.18   235
119.2    219
119.22   230
119.24   249
119.26   218
119.28   211
119.3    215
119.32   226
119.34   228
119.36   254
119.38   223
119.4    240
119.42   233
119.44   252
119.46   245
119.48   228
119.5    229
119.52   224
119.54   241
119.56   226
119.58   235
119.6    226
119.62   255
119.64   260
119.66   229
119.68   260
119.7    261
119.72   212
119.74   238
119.76   231
119.78   222
119.8    231
119.82   247
119.84   241
119.86   234
119.88   222
119.9    247
119.92   240
119.94   230
119.96   238
119.98   228
120.0    203
