10.0     582
10.02    569
10.04    532
10.06    585
10.08    551
10.1     572
10.12    552
10.14    543
10.16    574
10.18    533
10.2     545
10.22    600
10.24    545
10.26    547
10.28    532
10.3     528
10.32    542
10.34    556
10.36    544
10.38    551
10.4     517
10.42    586
10.44    545
10.46    550
10.48    528
10.5     561
10.52    519
10.54    566
10.56    492
10.58    515
10.6     568
10.62    502
10.64    513
10.66    552
10.68    494
10.7     512
10.72    512
10.74    543
10.76    545
10.78    556
10.8     507
10.82    502
10.84    496
10.86    488
10.88    486
10.9     488
10.92    494
10.94    483
10.96    486
10.98    500
11.0     482
11.02    519
11.04    489
11.06    520
11.08    486
11.1     501
11.12    493
11.14    504
11.16    548
11.18    456
11.2     538
11.22    451
11.24    522
11.26    481
11.28    512
11.3     505
11.32    502
11.34    494
11.36    473
11.38    489
11.4     475
11.42    529
11.44    510
11.46    473
11.48    482
11.5     500
11.52    494
11.54    500
11.56    464
11.58    483
11.6     478
11.62    480
11.64    472
11.66    456
11.68    501
11.7     525
11.72    474
11.74    489
11.76    504
11.78    474
11.8     465
11.82    454
11.84    459
11.86    488
11.88    525
11.9     442
11.92    481
11.94    462
11.96    494
11.98    466
12.0     430
12.02    469
12.04    449
12.06    493
12.08    440
12.1     466
12.12    471
12.14    443
12.16    499
12.18    517
12.2     430
12.22    484
12.24    447
12.26    501
12.28    471
12.3     450
12.32    446
12.34    514
12.36    465
12.38    506
12.4     448
12.42    484
12.44    496
12.46    496
12.48    425
12.5     475
12.52    487
12.54    477
12.56    453
12.58    454
12.6     430
12.62    470
12.64    458
12.66    433
12.68    455
12.7     461
12.72    448
12.74    477
12.76    451
12.78    487
12.8     434
12.82    445
12.84    441
12.86    459
12.88    426
12.9     471
12.92    421
12.94    458
12.96    472
12.98    482
13.0     416
13.02    485
13.04    455
13.06    462
13.08    482
13.1     455
13.12    418
13.14    453
13.16    437
13.18    430
13.2     425
13.22    408
13.24    407
13.26    433
13.28    419
13.3     419
13.32    432
13.34    458
13.36    466
13.38    428
13.4     444
13.42    441
13.44    443
13.46    408
13.48    418
13.5     443
13.52    406
13.54    435
13.56    438
13.58    419
13.6     419
13.62    424
13.64    417
13.66    436
13.68    394
13.7     387
13.72    375
13.74    431
13.76    396
13.78    431
13.8     453
13.82    419
13.84    412
13.86    425
13.88    390
13.9     413
13.92    392
13.94    394
13.96    429
13.98    429
14.0     413
14.02    429
14.04    424
14.06    401
14.08    408
14.1     398
14.12    393
14.14    408
14.16    393
14.18    399
14.2     418
14.22    417
14.24    412
14.26    422
14.28    430
14.3     392
14.32    406
14.34    413
14.36    386
14.38    386
14.4     411
14.42    401
14.44    404
14.46    437
14.48    407
14.5     387
14.52    414
14.54    403
14.56    369
14.58    410
14.6     417
14.62    421
14.64    391
14.66    406
14.68    360
14.7     355
14.72    378
14.74    404
14.76    437
14.78    419
14.8     404
14.82    353
14.84    342
14.86    353
14.88    383
14.9     366
14.92    345
14.94    377
14.96    368
14.98    355
15.0     413
15.02    350
15.04    364
15.06    407
15.08    398
15.1     396
15.12    419
15.14    403
15.16    392
15.18    378
15.2     391
15.22    388
15.24    373
15.26    378
15.28    325
15.3     411
15.32    356
15.34    376
15.36    363
15.38    356
15.4     387
15.42    401
15.44    385
15.46    369
15.48    352
15.5     398
15.52    373
15.54    364
15.56    370
15.58    407
15.6     401
15.62    363
15.64    373
15.66    391
15.68    368
15.7     359
15.72    389
15.74    408
15.76    368
15.78    366
15.8     398
15.82    336
15.84    373
15.86    365
15.88    359
15.9     397
15.92    382
15.94    368
15.96    365
15.98    364
16.0     385
16.02    366
16.04    371
16.06    340
16.08    340
16.1     381
16.12    332
16.14    384
16.16    348
16.18    347
16.2     336
16.22    348
16.24    344
16.26    356
16.28    325
16.3     348
16.32    341
16.34    331
16.36    380
16.38    350
16.4     363
16.42    358
16.44    337
16.46    315
16.48    375
16.5     348
16.52    362
16.54    349
16.56    358
16.58    343
16.6     319
16.62    330
16.64    355
16.66    344
16.68    356
16.7     325
16.72    375
16.74    323
16.76    343
16.78    336
16.8     350
16.82    339
16.84    348
16.86    372
16.88    380
16.9     334
16.92    334
16.94    343
16.96    360
16.98    344
17.0     358
17.02    355
17.04    351
17.06    366
17.08    363
17.1     348
17.12    337
17.14    371
17.16    353
17.18    335
17.2     349
17.22    321
17.24    353
17.26    359
17.28    327
17.3     338
17.32    323
17.34    331
17.36    310
17.38    320
17.4     341
17.42    387
17.44    328
17.46    349
17.48    300
17.5     338
17.52    310
17.54    293
17.56    371
17.58    320
17.6     320
17.62    326
17.64    306
17.66    353
17.68    300
17.7     360
17.72    352
17.74    361
17.76    329
17.78    305
17.8     325
17.82    325
17.84    305
17.86    330
17.88    334
17.9     318
17.92    321
17.94    297
17.96    327
17.98    300
18.0     339
18.02    295
18.04    319
18.06    331
18.08    314
18.1     327
18.12    325
18.14    349
18.16    323
18.18    325
18.2     297
18.22    325
18.24    300
18.26    312
18.28    344
18.3     318
18.32    320
18.34    279
18.36    303
18.38    332
18.4     290
18.42    312
18.44    336
18.46    335
18.48    308
18.5     315
18.52    357
18.54    340
18.56    289
18.58    337
18.6     328
18.62    320
18.64    304
18.66    296
18.68    342
18.7     339
18.72    295
18.74    309
18.76    300
18.78    316
18.8     283
18.82    294
18.84    279
18.86    318
18.88    331
18.9     344
18.92    293
18.94    324
18.96    287
18.98    298
19.0     347
19.02    312
19.04    311
19.06    320
19.08    319
19.1     278
19.12    322
19.14    332
19.16    292
19.18    323
19.2     332
19.22    332
19.24    296
19.26    304
19.28    322
19.3     286
19.32    288
19.34    285
19.36    328
19.38    299
19.4     284
19.42    295
19.44    291
19.46    292
19.48    269
19.5     279
19.52    306
19.54    313
19.56    285
19.58    305
19.6     304
19.62    284
19.64    286
19.66    315
19.68    289
19.7     280
19.72    263
19.74    305
19.76    311
19.78    261
19.8     288
19.82    295
19.84    270
19.86    308
19.88    297
19.9     280
19.92    291
19.94    300
19.96    275
19.98    284
20.0     271
20.02    277
20.04    286
20.06    285
20.08    288
20.1     275
20.12    287
20.14    275
20.16    272
20.18    274
20.2     291
20.22    272
20.24    264
20.26    295
20.28    281
20.3     313
20.32    325
20.34    291
20.36    309
20.38    307
20.4     299
20.42    299
20.44    270
20.46    304
20.48    305
20.5     268
20.52    293
20.54    275
20.56    297
20.58    290
20.6     300
20.62    309
20.64    282
20.66    261
20.68    313
20.7     272
20.72    277
20.74    303
20.76    264
20.78    282
20.8     275
20.82    281
20.84    264
20.86    293
20.88    250
20.9     265
20.92    293
20.94    304
20.96    282
20.98    281
21.0     255
21.02    259
21.04    266
21.06    276
21.08    283
21.1     280
21.12    252
21.14    281
21.16    312
21.18    278
21.2     264
21.22    262
21.24    257
21.26    266
21.28    269
21.3     286
21.32    248
21.34    257
21.36    283
21.38    245
21.4     287
21.42    291
21.44    255
21.46    287
21.48    276
21.5     267
21.52    261
21.54    292
21.56    265
21.58    260
21.6     323
21.62    246
21.64    257
21.66    248
21.68    278
21.7     276
21.72    273
21.74    277
21.76    262
21.78    249
21.8     260
21.82    252
21.84    265
21.86    273
21.88    240
21.9     261
21.92    252
21.94    272
21.96    253
21.98    236
22.0     279
22.02    279
22.04    264
22.06    269
22.08    267
22.1     255
22.12    272
22.14    245
22.16    249
22.18    246
22.2     257
22.22    253
22.24    274
22.26    260
22.28    262
22.3     269
22.32    239
22.34    261
22.36    267
22.38    241
22.4     276
22.42    283
22.44    254
22.46    255
22.48    251
22.5     251
22.52    270
22.54    292
22.56    256
22.58    246
22.6     250
22.62    249
22.64    225
22.66    235
22.68    242
22.7     254
22.72    300
22.74    245
22.76    264
22.78    248
22.8     232
22.82    252
22.84    256
22.86    238
22.88    254
22.9     281
22.92    267
22.94    238
22.96    239
22.98    268
23.0     260
23.02    262
23.04    224
23.06    274
23.08    238
23.1     256
23.12    228
23.14    259
23.16    256
23.18    265
23.2     233
23.22    252
23.24    250
23.26    263
23.28    260
23.3     242
23.32    243
23.34    224
23.36    247
23.38    212
23.4     283
23.42    256
23.44    251
23.46    266
23.48    245
23.5     226
23.52    246
23.54    254
23.56    243
23.58    242
23.6     249
23.62    248
23.64    241
23.66    248
23.68    233
23.7     237
23.72    282
23.74    236
23.76    284
23.78    261
23.8     215
23.82    239
23.84    226
23.86    240
23.88    231
23.9     230
23.92    256
23.94    254
23.96    233
23.98    238
24.0     256
24.02    253
24.04    242
24.06    235
24.08    226
24.1     214
24.12    238
24.14    228
24.16    239
24.18    207
24.2     228
24.22    243
24.24    253
24.26    234
24.28    212
24.3     256
24.32    264
24.34    233
24.36    221
24.38    245
24.4     244
24.42    235
24.44    270
24.46    230
24.48    227
24.5     232
24.52    225
24.54    246
24.56    221
24.58    243
24.6     213
24.62    246
24.64    222
24.66    219
24.68    237
24.7     231
24.72    197
24.74    240
24.76    231
24.78    239
24.8     211
24.82    239
24.84    223
24.86    196
24.88    236
24.9     218
24.92    224
24.94    212
24.96    239
24.98    203
25.0     236
25.02    229
25.04    224
25.06    243
25.08    232
25.1     230
25.12    207
25.14    233
25.16    248
25.18    244
25.2     222
25.22    220
25.24    224
25.26    225
25.28    210
25.3     209
25.32    219
25.34    208
25.36    204
25.38    239
25.4     232
25.42    235
25.44    195
25.46    232
25.48    230
25.5     230
25.52    232
25.54    214
25.56    223
25.58    223
25.6     192
25.62    236
25.64    218
25.66    212
25.68    239
25.7     249
25.72    232
25.74    207
25.76    239
25.78    222
25.8     234
25.82    228
25.84    248
25.86    211
25.88    231
25.9     209
25.92    234
25.94    244
25.96    236
25.98    231
26.0     210
26.02    226
26.04    223
26.06    217
26.08    223
26.1     219
26.12    222
26.14    227
26.16    239
26.18    229
26.2     231
26.22    245
26.24    201
26.26    220
26.28    224
26.3     231
26.32    224
26.34    227
26.36    241
26.38    210
26.4     234
26.42    213
26.44    207
26.46    220
26.48    229
26.5     216
26.52    214
26.54    255
26.56    237
26.58    240
26.6     248
26.62    252
26.64    278
26.66    295
26.68    261
26.7     284
26.72    271
26.74    255
26.76    259
26.78    256
26.8     240
26.82    205
26.84    205
26.86    240
26.88    223
26.9     228
26.92    241
26.94    243
26.96    212
26.98    212
27.0     225
27.02    210
27.04    206
27.06    204
27.08    204
27.1     214
27.12    208
27.14    198
27.16    218
27.18    200
27.2     229
27.22    235
27.24    209
27.26    219
27.28    210
27.3     198
27.32    219
27.34    228
27.36    242
27.38    232
27.4     185
27.42    199
27.44    209
27.46    211
27.48    213
27.5     244
27.52    181
27.54    235
27.56    193
27.58    195
27.6     213
27.62    184
27.64    211
27.66    199
27.68    216
27.7     231
27.72    188
27.74    197
27.76    203
27.78    206
27.8     221
27.82    240
27.84    222
27.86    204
27.88    181
27.9     225
27.92    225
27.94    228
27.96    189
27.98    237
28.0     188
28.02    214
28.04    212
28.06    207
28.08    217
28.1     212
28.12    228
28.14    234
28.16    188
28.18    219
28.2     198
28.22    210
28.24    239
28.26    196
28.28    213
28.3     199
28.32    233
28.34    200
28.36    186
28.38    184
28.4     194
28.42    218
28.44    221
28.46    200
28.48    194
28.5     201
28.52    214
28.54    193
28.56    205
28.58    217
28.6     213
28.62    216
28.64    198
28.66    215
28.68    205
28.7     180
28.72    217
28.74    201
28.76    207
28.78    221
28.8     212
28.82    196
28.84    216
28.86    216
28.88    171
28.9     198
28.92    211
28.94    205
28.96    208
28.98    209
29.0     198
29.02    215
29.04    186
29.06    212
29.08    223
29.1     217
29.12    236
29.14    216
29.16    211
29.18    211
29.2     209
29.22    218
29.24    212
29.26    231
29.28    199
29.3     195
29.32    208
29.34    182
29.36    196
29.38    204
29.4     209
29.42    222
29.44    220
29.46    212
29.48    210
29.5     194
29.52    207
29.54    220
29.56    198
29.58    196
29.6     211
29.62    205
29.64    248
29.66    217
29.68    235
29.7     202
29.72    194
29.74    190
29.76    220
29.78    187
29.8     209
29.82    180
29.84    231
29.86    211
29.88    196
29.9     183
29.92    226
29.94    191
29.96    216
29.98    208
30.0     203
30.02    203
30.04    208
30.06    191
30.08    189
30.1     194
30.12    211
30.14    197
30.16    201
30.18    211
30.2     211
30.22    195
30.24    210
30.26    224
30.28    209
30.3     215
30.32    192
30.34    196
30.36    194
30.38    192
30.4     199
30.42    200
30.44    215
30.46    230
30.48    208
30.5     231
30.52    194
30.54    192
30.56    211
30.58    204
30.6     203
30.62    212
30.64    177
30.66    224
30.68    234
30.7     187
30.72    199
30.74    207
30.76    207
30.78    182
30.8     243
30.82    246
30.84    201
30.86    196
30.88    187
30.9     203
30.92    216
30.94    210
30.96    211
30.98    240
31.0     195
31.02    226
31.04    212
31.06    237
31.08    197
31.1     217
31.12    208
31.14    217
31.16    243
31.18    208
31.2     213
31.22    216
31.24    170
31.26    195
31.28    197
31.3     184
31.32    224
31.34    188
31.36    190
31.38    180
31.4     213
31.42    194
31.44    199
31.46    202
31.48    194
31.5     221
31.52    198
31.54    225
31.56    191
31.58    208
31.6     216
31.62    198
31.64    183
31.66    198
31.68    187
31.7     204
31.72    180
31.74    190
31.76    187
31.78    193
31.8     199
31.82    198
31.84    183
31.86    186
31.88    199
31.9     208
31.92    213
31.94    194
31.96    212
31.98    170
32.0     229
32.02    193
32.04    199
32.06    222
32.08    193
32.1     199
32.12    201
32.14    170
32.16    198
32.18    197
32.2     183
32.22    185
32.24    215
32.26    231
32.28    194
32.3     207
32.32    215
32.34    190
32.36    179
32.38    182
32.4     190
32.42    185
32.44    191
32.46    194
32.48    183
32.5     216
32.52    191
32.54    202
32.56    211
32.58    184
32.6     216
32.62    212
32.64    186
32.66    212
32.68    200
32.7     211
32.72    214
32.74    210
32.76    176
32.78    201
32.8     205
32.82    218
32.84    183
32.86    210
32.88    174
32.9     216
32.92    190
32.94    215
32.96    201
32.98    183
33.0     213
33.02    204
33.04    183
33.06    197
33.08    201
33.1     200
33.12    197
33.14    180
33.16    200
33.18    195
33.2     182
33.22    185
33.24    184
33.26    186
33.28    184
33.3     217
33.32    196
33.34    195
33.36    182
33.38    181
33.4     213
33.42    200
33.44    220
33.46    199
33.48    204
33.5     198
33.52    173
33.54    201
33.56    188
33.58    158
33.6     191
33.62    200
33.64    187
33.66    195
33.68    198
33.7     184
33.72    179
33.74    214
33.76    229
33.78    206
33.8     187
33.82    212
33.84    186
33.86    222
33.88    190
33.9     183
33.92    175
33.94    213
33.96    199
33.98    193
34.0     221
34.02    173
34.04    189
34.06    187
34.08    186
34.1     189
34.12    203
34.14    197
34.16    233
34.18    199
34.2     179
34.22    200
34.24    185
34.26    179
34.28    194
34.3     196
34.32    195
34.34    199
34.36    188
34.38    163
34.4     194
34.42    195
34.44    198
34.46    192
34.48    197
34.5     192
34.52    206
34.54    174
34.56    210
34.58    174
34.6     201
34.62    206
34.64    182
34.66    196
34.68    184
34.7     203
34.72    195
34.74    220
34.76    180
34.78    190
34.8     211
34.82    213
34.84    204
34.86    205
34.88    185
34.9     177
34.92    197
34.94    198
34.96    189
34.98    180
35.0     175
35.02    182
35.04    191
35.06    195
35.08    207
35.1     214
35.12    212
35.14    205
35.16    193
35.18    236
35.2     201
35.22    191
35.24    188
35.26    200
35.28    182
35.3     187
35.32    206
35.34    190
35.36    194
35.38    191
35.4     173
35.42    220
35.44    178
35.46    209
35.48    165
35.5     187
35.52    206
35.54    182
35.56    203
35.58    198
35.6     220
35.62    216
35.64    197
35.66    190
35.68    189
35.7     178
35.72    191
35.74    188
35.76    205
35.78    192
35.8     203
35.82    150
35.84    211
35.86    202
35.88    178
35.9     206
35.92    204
35.94    201
35.96    212
35.98    196
36.0     213
36.02    233
36.04    185
36.06    190
36.08    186
36.1     205
36.12    195
36.14    207
36.16    225
36.18    210
36.2     181
36.22    207
36.24    188
36.26    197
36.28    179
36.3     181
36.32    192
36.34    180
36.36    178
36.38    209
36.4     175
36.42    215
36.44    219
36.46    204
36.48    195
36.5     162
36.52    207
36.54    209
36.56    178
36.58    219
36.6     202
36.62    220
36.64    188
36.66    198
36.68    238
36.7     220
36.72    212
36.74    198
36.76    217
36.78    190
36.8     211
36.82    201
36.84    216
36.86    176
36.88    237
36.9     186
36.92    196
36.94    203
36.96    200
36.98    224
37.0     193
37.02    208
37.04    187
37.06    197
37.08    183
37.1     209
37.12    213
37.14    195
37.16    188
37.18    202
37.2     189
37.22    200
37.24    222
37.26    196
37.28    172
37.3     212
37.32    204
37.34    197
37.36    201
37.38    217
37.4     198
37.42    194
37.44    177
37.46    203
37.48    231
37.5     184
37.52    199
37.54    211
37.56    210
37.58    216
37.6     186
37.62    183
37.64    192
37.66    217
37.68    203
37.7     200
37.72    201
37.74    189
37.76    190
37.78    237
37.8     205
37.82    226
37.84    216
37.86    252
37.88    242
37.9     254
37.92    228
37.94    250
37.96    254
37.98    240
38.0     284
38.02    299
38.04    296
38.06    297
38.08    308
38.1     352
38.12    358
38.14    356
38.16    366
38.18    405
38.2     381
38.22    375
38.24    367
38.26    363
38.28    324
38.3     299
38.32    272
38.34    256
38.36    276
38.38    235
38.4     234
38.42    244
38.44    203
38.46    224
38.48    210
38.5     236
38.52    225
38.54    204
38.56    204
38.58    204
38.6     218
38.62    202
38.64    215
38.66    212
38.68    232
38.7     190
38.72    210
38.74    197
38.76    205
38.78    206
38.8     196
38.82    194
38.84    201
38.86    193
38.88    202
38.9     200
38.92    187
38.94    213
38.96    213
38.98    201
39.0     198
39.02    214
39.04    195
39.06    210
39.08    205
39.1     218
39.12    224
39.14    226
39.16    211
39.18    200
39.2     198
39.22    221
39.24    216
39.26    235
39.28    193
39.3     209
39.32    237
39.34    216
39.36    204
39.38    206
39.4     222
39.42    207
39.44    217
39.46    183
39.48    186
39.5     205
39.52    218
39.54    212
39.56    219
39.58    203
39.6     209
39.62    206
39.64    222
39.66    210
39.68    186
39.7     206
39.72    215
39.74    174
39.76    202
39.78    206
39.8     198
39.82    190
39.84    218
39.86    228
39.88    183
39.9     207
39.92    195
39.94    204
39.96    234
39.98    190
40.0     196
40.02    230
40.04    185
40.06    190
40.08    188
40.1     204
40.12    204
40.14    201
40.16    214
40.18    205
40.2     208
40.22    182
40.24    203
40.26    198
40.28    196
40.3     243
40.32    192
40.34    211
40.36    220
40.38    217
40.4     203
40.42    222
40.44    217
40.46    198
40.48    225
40.5     205
40.52    191
40.54    212
40.56    218
40.58    237
40.6     225
40.62    210
40.64    211
40.66    213
40.68    199
40.7     204
40.72    209
40.74    222
40.76    220
40.78    242
40.8     225
40.82    215
40.84    211
40.86    192
40.88    200
40.9     205
40.92    214
40.94    193
40.96    228
40.98    208
41.0     199
41.02    194
41.04    201
41.06    218
41.08    218
41.1     225
41.12    255
41.14    214
41.16    223
41.18    226
41.2     209
41.22    218
41.24    212
41.26    225
41.28    241
41.3     208
41.32    238
41.34    188
41.36    239
41.38    214
41.4     245
41.42    232
41.44    266
41.46    270
41.48    269
41.5     213
41.52    263
41.54    252
41.56    320
41.58    292
41.6     335
41.62    313
41.64    322
41.66    338
41.68    293
41.7     289
41.72    246
41.74    237
41.76    243
41.78    263
41.8     267
41.82    245
41.84    244
41.86    252
41.88    251
41.9     253
41.92    250
41.94    256
41.96    276
41.98    266
42.0     308
42.02    252
42.04    251
42.06    272
42.08    245
42.1     237
42.12    269
42.14    280
42.16    251
42.18    272
42.2     241
42.22    282
42.24    271
42.26    288
42.28    295
42.3     289
42.32    303
42.34    288
42.36    321
42.38    267
42.4     319
42.42    361
42.44    319
42.46    320
42.48    333
42.5     343
42.52    312
42.54    295
42.56    291
42.58    318
42.6     337
42.62    338
42.64    335
42.66    340
42.68    306
42.7     314
42.72    353
42.74    333
42.76    362
42.78    341
42.8     334
42.82    330
42.84    357
42.86    333
42.88    368
42.9     346
42.92    390
42.94    379
42.96    346
42.98    365
43.0     392
43.02    391
43.04    405
43.06    408
43.08    406
43.1     432
43.12    470
43.14    464
43.16    489
43.18    512
43.2     562
43.22    606
43.24    673
43.26    733
43.28    879
43.3     1057
43.32    1446
43.34    2091
43.36    3225
43.38    4527
43.4     5981
43.42    7506
43.44    8512
43.46    9647
43.48    11463
43.5     13587
43.52    16151
43.54    18223
43.56    19202
43.58    18779
43.6     16800
43.62    14579
43.64    11926
43.66    9786
43.68    8864
43.7     7771
43.72    6272
43.74    4608
43.76    2981
43.78    1902
43.8     1320
43.82    1103
43.84    955
43.86    919
43.88    913
43.9     939
43.92    1015
43.94    1071
43.96    1266
43.98    1217
44.0     1321
44.02    1506
44.04    1605
44.06    1622
44.08    1677
44.1     1751
44.12    1965
44.14    2073
44.16    2087
44.18    2265
44.2     2487
44.22    2751
44.24    2966
44.26    3170
44.28    3579
44.3     3898
44.32    4142
44.34    4433
44.36    4615
44.38    4592
44.4     4742
44.42    4723
44.44    4378
44.46    4043
44.48    3706
44.5     3431
44.52    3053
44.54    2696
44.56    2371
44.58    2091
44.6     1740
44.62    1406
44.64    1262
44.66    1036
44.68    946
44.7     788
44.72    674
44.74    635
44.76    599
44.78    507
44.8     480
44.82    468
44.84    432
44.86    421
44.88    391
44.9     355
44.92    392
44.94    385
44.96    345
44.98    348
45.0     336
45.02    320
45.04    289
45.06    303
45.08    320
45.1     311
45.12    312
45.14    269
45.16    280
45.18    274
45.2     274
45.22    295
45.24    293
45.26    278
45.28    271
45.3     319
45.32    264
45.34    279
45.36    299
45.38    283
45.4     249
45.42    270
45.44    239
45.46    292
45.48    268
45.5     234
45.52    241
45.54    255
45.56    257
45.58    260
45.6     279
45.62    255
45.64    264
45.66    262
45.68    256
45.7     250
45.72    241
45.74    294
45.76    236
45.78    234
45.8     273
45.82    234
45.84    278
45.86    263
45.88    229
45.9     252
45.92    269
45.94    251
45.96    275
45.98    253
46.0     256
46.02    262
46.04    235
46.06    256
46.08    260
46.1     268
46.12    268
46.14    281
46.16    290
46.18    285
46.2     279
46.22    262
46.24    265
46.26    268
46.28    295
46.3     266
46.32    291
46.34    250
46.36    266
46.38    271
46.4     265
46.42    286
46.44    242
46.46    259
46.48    258
46.5     278
46.52    249
46.54    244
46.56    250
46.58    267
46.6     262
46.62    291
46.64    249
46.66    234
46.68    246
46.7     256
46.72    262
46.74    259
46.76    268
46.78    267
46.8     280
46.82    265
46.84    255
46.86    248
46.88    273
46.9     250
46.92    270
46.94    241
46.96    237
46.98    258
47.0     286
47.02    247
47.04    248
47.06    248
47.08    252
47.1     271
47.12    269
47.14    256
47.16    281
47.18    250
47.2     259
47.22    252
47.24    235
47.26    253
47.28    260
47.3     252
47.32    234
47.34    243
47.36    236
47.38    240
47.4     238
47.42    279
47.44    236
47.46    243
47.48    212
47.5     258
47.52    231
47.54    247
47.56    248
47.58    241
47.6     268
47.62    244
47.64    251
47.66    254
47.68    247
47.7     247
47.72    241
47.74    241
47.76    262
47.78    233
47.8     226
47.82    234
47.84    234
47.86    251
47.88    211
47.9     244
47.92    214
47.94    219
47.96    214
47.98    229
48.0     209
48.02    221
48.04    238
48.06    228
48.08    229
48.1     237
48.12    226
48.14    242
48.16    214
48.18    239
48.2     223
48.22    224
48.24    218
48.26    234
48.28    244
48.3     239
48.32    219
48.34    234
48.36    232
48.38    249
48.4     216
48.42    249
48.44    215
48.46    215
48.48    225
48.5     223
48.52    212
48.54    217
48.56    214
48.58    204
48.6     214
48.62    212
48.64    219
48.66    216
48.68    204
48.7     215
48.72    231
48.74    200
48.76    219
48.78    219
48.8     193
48.82    233
48.84    224
48.86    224
48.88    202
48.9     203
48.92    224
48.94    236
48.96    208
48.98    201
49.0     198
49.02    200
49.04    204
49.06    189
49.08    211
49.1     214
49.12    233
49.14    213
49.16    232
49.18    224
49.2     212
49.22    197
49.24    222
49.26    241
49.28    225
49.3     197
49.32    207
49.34    200
49.36    204
49.38    244
49.4     199
49.42    208
49.44    220
49.46    229
49.48    204
49.5     190
49.52    180
49.54    231
49.56    217
49.58    204
49.6     214
49.62    215
49.64    234
49.66    213
49.68    216
49.7     243
49.72    227
49.74    217
49.76    188
49.78    232
49.8     212
49.82    211
49.84    197
49.86    223
49.88    204
49.9     193
49.92    215
49.94    214
49.96    226
49.98    201
50.0     224
50.02    220
50.04    226
50.06    219
50.08    214
50.1     238
50.12    217
50.14    199
50.16    219
50.18    226
50.2     202
50.22    197
50.24    209
50.26    212
50.28    231
50.3     233
50.32    232
50.34    211
50.36    219
50.38    218
50.4     255
50.42    212
50.44    197
50.46    238
50.48    242
50.5     227
50.52    236
50.54    218
50.56    243
50.58    226
50.6     232
50.62    225
50.64    244
50.66    235
50.68    249
50.7     234
50.72    252
50.74    235
50.76    237
50.78    252
50.8     225
50.82    256
50.84    239
50.86    212
50.88    246
50.9     205
50.92    222
50.94    234
50.96    228
50.98    212
51.0     220
51.02    198
51.04    256
51.06    209
51.08    209
51.1     222
51.12    225
51.14    244
51.16    213
51.18    226
51.2     230
51.22    200
51.24    246
51.26    211
51.28    235
51.3     250
51.32    237
51.34    219
51.36    204
51.38    222
51.4     215
51.42    208
51.44    240
51.46    222
51.48    204
51.5     227
51.52    184
51.54    192
51.56    226
51.58    235
51.6     200
51.62    210
51.64    224
51.66    223
51.68    219
51.7     230
51.72    208
51.74    216
51.76    228
51.78    203
51.8     225
51.82    214
51.84    229
51.86    226
51.88    211
51.9     227
51.92    237
51.94    269
51.96    235
51.98    213
52.0     233
52.02    219
52.04    249
52.06    226
52.08    238
52.1     225
52.12    228
52.14    231
52.16    210
52.18    265
52.2     248
52.22    213
52.24    237
52.26    221
52.28    209
52.3     234
52.32    236
52.34    218
52.36    228
52.38    233
52.4     217
52.42    235
52.44    248
52.46    221
52.48    212
52.5     224
52.52    249
52.54    232
52.56    243
52.58    210
52.6     257
52.62    213
52.64    242
52.66    239
52.68    246
52.7     230
52.72    265
52.74    256
52.76    249
52.78    265
52.8     213
52.82    253
52.84    228
52.86    235
52.88    235
52.9     242
52.92    223
52.94    232
52.96    235
52.98    229
53.0     220
53.02    227
53.04    240
53.06    232
53.08    229
53.1     245
53.12    237
53.14    250
53.16    225
53.18    228
53.2     233
53.22    207
53.24    243
53.26    223
53.28    231
53.3     233
53.32    235
53.34    244
53.36    237
53.38    208
53.4     223
53.42    236
53.44    227
53.46    250
53.48    227
53.5     228
53.52    249
53.54    209
53.56    229
53.58    239
53.6     231
53.62    227
53.64    244
53.66    216
53.68    223
53.7     214
53.72    235
53.74    210
53.76    215
53.78    203
53.8     235
53.82    231
53.84    245
53.86    212
53.88    205
53.9     252
53.92    218
53.94    213
53.96    228
53.98    213
54.0     218
54.02    216
54.04    229
54.06    238
54.08    226
54.1     218
54.12    215
54.14    210
54.16    235
54.18    227
54.2     212
54.22    221
54.24    223
54.26    224
54.28    227
54.3     221
54.32    235
54.34    243
54.36    224
54.38    227
54.4     215
54.42    208
54.44    209
54.46    210
54.48    223
54.5     227
54.52    223
54.54    238
54.56    219
54.58    199
54.6     225
54.62    228
54.64    234
54.66    238
54.68    229
54.7     223
54.72    239
54.74    221
54.76    208
54.78    222
54.8     239
54.82    225
54.84    197
54.86    220
54.88    274
54.9     230
54.92    224
54.94    189
54.96    239
54.98    234
55.0     224
55.02    230
55.04    213
55.06    231
55.08    236
55.1     207
55.12    225
55.14    234
55.16    245
55.18    213
55.2     220
55.22    242
55.24    197
55.26    226
55.28    210
55.3     221
55.32    222
55.34    238
55.36    207
55.38    229
55.4     247
55.42    240
55.44    216
55.46    194
55.48    228
55.5     218
55.52    231
55.54    226
55.56    206
55.58    201
55.6     226
55.62    223
55.64    235
55.66    208
55.68    214
55.7     230
55.72    209
55.74    251
55.76    223
55.78    208
55.8     241
55.82    226
55.84    232
55.86    231
55.88    211
55.9     248
55.92    232
55.94    214
55.96    232
55.98    191
56.0     206
56.02    228
56.04    223
56.06    216
56.08    235
56.1     230
56.12    210
56.14    213
56.16    198
56.18    231
56.2     226
56.22    235
56.24    222
56.26    195
56.28    243
56.3     218
56.32    203
56.34    221
56.36    225
56.38    230
56.4     210
56.42    206
56.44    222
56.46    243
56.48    220
56.5     225
56.52    226
56.54    233
56.56    240
56.58    241
56.6     224
56.62    218
56.64    222
56.66    218
56.68    222
56.7     223
56.72    240
56.74    246
56.76    227
56.78    246
56.8     200
56.82    223
56.84    253
56.86    196
56.88    251
56.9     228
56.92    233
56.94    243
56.96    200
56.98    221
57.0     241
57.02    242
57.04    218
57.06    245
57.08    229
57.1     240
57.12    203
57.14    240
57.16    232
57.18    227
57.2     213
57.22    223
57.24    202
57.26    229
57.28    232
57.3     213
57.32    229
57.34    240
57.36    241
57.38    249
57.4     231
57.42    237
57.44    233
57.46    234
57.48    219
57.5     208
57.52    218
57.54    228
57.56    259
57.58    225
57.6     240
57.62    233
57.64    225
57.66    214
57.68    229
57.7     218
57.72    270
57.74    223
57.76    233
57.78    234
57.8     246
57.82    229
57.84    259
57.86    235
57.88    200
57.9     220
57.92    239
57.94    265
57.96    237
57.98    234
58.0     224
58.02    252
58.04    206
58.06    242
58.08    205
58.1     217
58.12    214
58.14    238
58.16    230
58.18    233
58.2     218
58.22    225
58.24    212
58.26    209
58.28    252
58.3     226
58.32    229
58.34    224
58.36    235
58.38    248
58.4     207
58.42    222
58.44    256
58.46    218
58.48    226
58.5     248
58.52    212
58.54    222
58.56    223
58.58    247
58.6     251
58.62    232
58.64    224
58.66    241
58.68    238
58.7     238
58.72    210
58.74    234
58.76    213
58.78    216
58.8     223
58.82    228
58.84    241
58.86    225
58.88    230
58.9     222
58.92    252
58.94    247
58.96    248
58.98    221
59.0     246
59.02    225
59.04    225
59.06    250
59.08    255
59.1     236
59.12    220
59.14    230
59.16    255
59.18    220
59.2     222
59.22    249
59.24    242
59.26    220
59.28    232
59.3     219
59.32    223
59.34    250
59.36    216
59.38    244
59.4     255
59.42    244
59.44    210
59.46    225
59.48    256
59.5     242
59.52    211
59.54    251
59.56    220
59.58    239
59.6     249
59.62    225
59.64    244
59.66    231
59.68    209
59.7     247
59.72    241
59.74    253
59.76    233
59.78    241
59.8     228
59.82    271
59.84    227
59.86    256
59.88    225
59.9     244
59.92    252
59.94    235
59.96    224
59.98    229
60.0     226
60.02    241
60.04    221
60.06    240
60.08    216
60.1     260
60.12    244
60.14    249
60.16    259
60.18    228
60.2     235
60.22    273
60.24    255
60.26    211
60.28    243
60.3     244
60.32    230
60.34    239
60.36    230
60.38    240
60.4     221
60.42    231
60.44    269
60.46    231
60.48    252
60.5     250
60.52    255
60.54    244
60.56    227
60.58    221
60.6     220
60.62    240
60.64    234
60.66    260
60.68    204
60.7     235
60.72    229
60.74    266
60.76    220
60.78    245
60.8     231
60.82    224
60.84    234
60.86    231
60.88    219
60.9     258
60.92    230
60.94    220
60.96    245
60.98    231
61.0     266
61.02    240
61.04    243
61.06    255
61.08    238
61.1     228
61.12    266
61.14    207
61.16    264
61.18    270
61.2     285
61.22    242
61.24    231
61.26    262
61.28    267
61.3     250
61.32    219
61.34    231
61.36    234
61.38    215
61.4     237
61.42    239
61.44    233
61.46    241
61.48    228
61.5     231
61.52    222
61.54    250
61.56    269
61.58    245
61.6     238
61.62    245
61.64    271
61.66    203
61.68    246
61.7     272
61.72    237
61.74    258
61.76    277
61.78    253
61.8     259
61.82    249
61.84    232
61.86    265
61.88    252
61.9     258
61.92    250
61.94    278
61.96    228
61.98    245
62.0     222
62.02    247
62.04    237
62.06    260
62.08    264
62.1     233
62.12    249
62.14    238
62.16    247
62.18    227
62.2     265
62.22    255
62.24    219
62.26    270
62.28    244
62.3     247
62.32    270
62.34    242
62.36    243
62.38    250
62.4     243
62.42    275
62.44    253
62.46    215
62.48    240
62.5     220
62.52    249
62.54    253
62.56    242
62.58    218
62.6     221
62.62    248
62.64    237
62.66    261
62.68    226
62.7     210
62.72    251
62.74    231
62.76    236
62.78    256
62.8     225
62.82    244
62.84    257
62.86    237
62.88    246
62.9     244
62.92    250
62.94    250
62.96    246
62.98    262
63.0     206
63.02    255
63.04    250
63.06    262
63.08    261
63.1     228
63.12    254
63.14    263
63.16    249
63.18    267
63.2     254
63.22    281
63.24    238
63.26    253
63.28    256
63.3     261
63.32    253
63.34    279
63.36    267
63.38    259
63.4     257
63.42    259
63.44    255
63.46    267
63.48    273
63.5     246
63.52    268
63.54    282
63.56    283
63.58    273
63.6     283
63.62    290
63.64    268
63.66    271
63.68    256
63.7     269
63.72    294
63.74    296
63.76    290
63.78    292
63.8     276
63.82    280
63.84    300
63.86    279
63.88    314
63.9     271
63.92    325
63.94    320
63.96    341
63.98    303
64.0     336
64.02    326
64.04    356
64.06    344
64.08    371
64.1     328
64.12    336
64.14    343
64.16    358
64.18    373
64.2     376
64.22    378
64.24    402
64.26    393
64.28    425
64.3     396
64.32    390
64.34    378
64.36    373
64.38    458
64.4     408
64.42    455
64.44    422
64.46    449
64.48    454
64.5     475
64.52    481
64.54    498
64.56    469
64.58    555
64.6     576
64.62    635
64.64    744
64.66    751
64.68    884
64.7     937
64.72    1004
64.74    995
64.76    1072
64.78    1015
64.8     1039
64.82    973
64.84    996
64.86    873
64.88    832
64.9     837
64.92    780
64.94    780
64.96    767
64.98    684
65.0     614
65.02    558
65.04    555
65.06    467
65.08    453
65.1     413
65.12    368
65.14    399
65.16    356
65.18    338
65.2     342
65.22    338
65.24    329
65.26    300
65.28    322
65.3     290
65.32    292
65.34    279
65.36    325
65.38    319
65.4     300
65.42    274
65.44    307
65.46    291
65.48    276
65.5     290
65.52    262
65.54    300
65.56    238
65.58    247
65.6     251
65.62    276
65.64    258
65.66    278
65.68    308
65.7     265
65.72    276
65.74    237
65.76    256
65.78    263
65.8     264
65.82    264
65.84    269
65.86    251
65.88    278
65.9     237
65.92    309
65.94    270
65.96    244
65.98    254
66.0     251
66.02    275
66.04    256
66.06    255
66.08    232
66.1     256
66.12    242
66.14    246
66.16    265
66.18    235
66.2     252
66.22    246
66.24    275
66.26    275
66.28    282
66.3     248
66.32    247
66.34    255
66.36    227
66.38    275
66.4     245
66.42    270
66.44    239
66.46    267
66.48    251
66.5     252
66.52    248
66.54    251
66.56    242
66.58    249
66.6     256
66.62    267
66.64    259
66.66    264
66.68    249
66.7     209
66.72    283
66.74    251
66.76    229
66.78    256
66.8     241
66.82    257
66.84    249
66.86    256
66.88    246
66.9     262
66.92    252
66.94    255
66.96    280
66.98    251
67.0     271
67.02    264
67.04    248
67.06    263
67.08    234
67.1     275
67.12    281
67.14    250
67.16    275
67.18    281
67.2     232
67.22    271
67.24    263
67.26    248
67.28    260
67.3     266
67.32    265
67.34    265
67.36    255
67.38    265
67.4     263
67.42    251
67.44    256
67.46    260
67.48    281
67.5     239
67.52    250
67.54    260
67.56    285
67.58    242
67.6     230
67.62    254
67.64    252
67.66    237
67.68    251
67.7     226
67.72    264
67.74    242
67.76    283
67.78    223
67.8     235
67.82    247
67.84    247
67.86    250
67.88    245
67.9     247
67.92    233
67.94    247
67.96    270
67.98    266
68.0     259
68.02    238
68.04    246
68.06    274
68.08    259
68.1     283
68.12    261
68.14    252
68.16    268
68.18    270
68.2     278
68.22    260
68.24    255
68.26    277
68.28    253
68.3     254
68.32    277
68.34    280
68.36    238
68.38    256
68.4     242
68.42    225
68.44    265
68.46    250
68.48    277
68.5     267
68.52    284
68.54    256
68.56    273
68.58    257
68.6     241
68.62    238
68.64    277
68.66    246
68.68    230
68.7     269
68.72    243
68.74    260
68.76    245
68.78    247
68.8     251
68.82    240
68.84    275
68.86    277
68.88    240
68.9     257
68.92    249
68.94    250
68.96    257
68.98    263
69.0     261
69.02    283
69.04    259
69.06    243
69.08    243
69.1     265
69.12    265
69.14    258
69.16    275
69.18    270
69.2     264
69.22    259
69.24    255
69.26    259
69.28    271
69.3     220
69.32    282
69.34    255
69.36    239
69.38    268
69.4     272
69.42    270
69.44    287
69.46    273
69.48    247
69.5     259
69.52    261
69.54    256
69.56    260
69.58    265
69.6     259
69.62    251
69.64    242
69.66    237
69.68    255
69.7     244
69.72    258
69.74    236
69.76    268
69.78    269
69.8     270
69.82    262
69.84    266
69.86    257
69.88    283
69.9     279
69.92    299
69.94    263
69.96    247
69.98    266
70.0     271
70.02    257
70.04    253
70.06    254
70.08    251
70.1     249
70.12    260
70.14    293
70.16    263
70.18    252
70.2     272
70.22    267
70.24    256
70.26    237
70.28    265
70.3     275
70.32    260
70.34    251
70.36    247
70.38    261
70.4     251
70.42    246
70.44    275
70.46    266
70.48    277
70.5     261
70.52    307
70.54    284
70.56    275
70.58    266
70.6     270
70.62    274
70.64    272
70.66    251
70.68    250
70.7     299
70.72    275
70.74    274
70.76    248
70.78    263
70.8     235
70.82    262
70.84    284
70.86    274
70.88    268
70.9     272
70.92    293
70.94    253
70.96    276
70.98    257
71.0     275
71.02    261
71.04    286
71.06    249
71.08    288
71.1     279
71.12    296
71.14    257
71.16    265
71.18    264
71.2     263
71.22    274
71.24    285
71.26    269
71.28    257
71.3     283
71.32    267
71.34    287
71.36    262
71.38    265
71.4     270
71.42    249
71.44    279
71.46    268
71.48    253
71.5     259
71.52    264
71.54    255
71.56    264
71.58    227
71.6     268
71.62    283
71.64    253
71.66    258
71.68    260
71.7     281
71.72    291
71.74    254
71.76    294
71.78    294
71.8     258
71.82    267
71.84    265
71.86    243
71.88    244
71.9     289
71.92    258
71.94    300
71.96    275
71.98    264
72.0     262
72.02    291
72.04    291
72.06    267
72.08    285
72.1     264
72.12    284
72.14    277
72.16    242
72.18    301
72.2     270
72.22    267
72.24    270
72.26    271
72.28    257
72.3     288
72.32    295
72.34    256
72.36    300
72.38    258
72.4     256
72.42    245
72.44    319
72.46    270
72.48    270
72.5     265
72.52    276
72.54    286
72.56    303
72.58    284
72.6     271
72.62    281
72.64    293
72.66    264
72.68    271
72.7     275
72.72    268
72.74    291
72.76    309
72.78    250
72.8     256
72.82    278
72.84    258
72.86    266
72.88    243
72.9     285
72.92    270
72.94    248
72.96    255
72.98    247
73.0     301
73.02    275
73.04    263
73.06    273
73.08    284
73.1     298
73.12    293
73.14    269
73.16    286
73.18    279
73.2     257
73.22    262
73.24    265
73.26    296
73.28    254
73.3     289
73.32    251
73.34    281
73.36    281
73.38    279
73.4     282
73.42    329
73.44    242
73.46    241
73.48    240
73.5     279
73.52    247
73.54    241
73.56    288
73.58    275
73.6     256
73.62    261
73.64    255
73.66    287
73.68    254
73.7     277
73.72    252
73.74    290
73.76    291
73.78    301
73.8     306
73.82    274
73.84    297
73.86    296
73.88    268
73.9     259
73.92    308
73.94    288
73.96    311
73.98    291
74.0     271
74.02    322
74.04    309
74.06    295
74.08    306
74.1     290
74.12    304
74.14    289
74.16    283
74.18    317
74.2     310
74.22    273
74.24    310
74.26    330
74.28    294
74.3     297
74.32    314
74.34    290
74.36    292
74.38    322
74.4     350
74.42    311
74.44    286
74.46    308
74.48    328
74.5     331
74.52    302
74.54    314
74.56    307
74.58    348
74.6     314
74.62    299
74.64    334
74.66    321
74.68    337
74.7     347
74.72    335
74.74    323
74.76    304
74.78    281
74.8     282
74.82    298
74.84    324
74.86    268
74.88    305
74.9     310
74.92    294
74.94    306
74.96    317
74.98    279
75.0     298
75.02    269
75.04    315
75.06    265
75.08    289
75.1     292
75.12    290
75.14    286
75.16    280
75.18    280
75.2     287
75.22    284
75.24    274
75.26    295
75.28    250
75.3     290
75.32    277
75.34    275
75.36    259
75.38    296
75.4     298
75.42    303
75.44    272
75.46    248
75.48    292
75.5     269
75.52    297
75.54    261
75.56    302
75.58    300
75.6     294
75.62    302
75.64    290
75.66    287
75.68    255
75.7     292
75.72    272
75.74    280
75.76    278
75.78    304
75.8     278
75.82    299
75.84    279
75.86    269
75.88    285
75.9     307
75.92    301
75.94    232
75.96    281
75.98    248
76.0     277
76.02    273
76.04    284
76.06    295
76.08    304
76.1     271
76.12    287
76.14    295
76.16    288
76.18    284
76.2     289
76.22    283
76.24    301
76.26    316
76.28    295
76.3     260
76.32    265
76.34    277
76.36    278
76.38    250
76.4     269
76.42    273
76.44    256
76.46    262
76.48    277
76.5     308
76.52    265
76.54    264
76.56    270
76.58    268
76.6     286
76.62    286
76.64    285
76.66    282
76.68    277
76.7     271
76.72    259
76.74    293
76.76    253
76.78    268
76.8     265
76.82    268
76.84    294
76.86    268
76.88    273
76.9     305
76.92    259
76.94    282
76.96    260
76.98    261
77.0     291
77.02    298
77.04    290
77.06    284
77.08    289
77.1     294
77.12    246
77.14    276
77.16    285
77.18    286
77.2     263
77.22    267
77.24    297
77.26    296
77.28    296
77.3     310
77.32    311
77.34    289
77.36    301
77.38    325
77.4     279
77.42    282
77.44    257
77.46    286
77.48    283
77.5     298
77.52    311
77.54    311
77.56    343
77.58    347
77.6     344
77.62    311
77.64    369
77.66    363
77.68    358
77.7     442
77.72    500
77.74    494
77.76    539
77.78    567
77.8     562
77.82    589
77.84    572
77.86    617
77.88    649
77.9     640
77.92    618
77.94    594
77.96    613
77.98    563
78.0     569
78.02    545
78.04    519
78.06    482
78.08    498
78.1     419
78.12    475
78.14    424
78.16    414
78.18    409
78.2     403
78.22    386
78.24    359
78.26    354
78.28    360
78.3     320
78.32    347
78.34    300
78.36    303
78.38    331
78.4     282
78.42    269
78.44    280
78.46    294
78.48    277
78.5     284
78.52    287
78.54    284
78.56    276
78.58    303
78.6     298
78.62    295
78.64    296
78.66    263
78.68    281
78.7     277
78.72    267
78.74    284
78.76    285
78.78    287
78.8     283
78.82    286
78.84    283
78.86    267
78.88    277
78.9     269
78.92    288
78.94    290
78.96    309
78.98    254
79.0     277
79.02    264
79.04    288
79.06    285
79.08    239
79.1     291
79.12    288
79.14    279
79.16    283
79.18    287
79.2     296
79.22    278
79.24    294
79.26    299
79.28    289
79.3     288
79.32    251
79.34    294
79.36    311
79.38    279
79.4     282
79.42    271
79.44    264
79.46    276
79.48    300
79.5     244
79.52    277
79.54    313
79.56    294
79.58    283
79.6     299
79.62    295
79.64    296
79.66    291
79.68    285
79.7     274
79.72    286
79.74    293
79.76    277
79.78    284
79.8     303
79.82    325
79.84    296
79.86    284
79.88    299
79.9     287
79.92    257
79.94    281
79.96    295
79.98    318
80.0     298
80.02    282
80.04    289
80.06    282
80.08    278
80.1     280
80.12    277
80.14    318
80.16    285
80.18    263
80.2     300
80.22    302
80.24    318
80.26    332
80.28    320
80.3     258
80.32    324
80.34    306
80.36    318
80.38    272
80.4     303
80.42    313
80.44    325
80.46    334
80.48    296
80.5     261
80.52    300
80.54    295
80.56    296
80.58    311
80.6     310
80.62    338
80.64    317
80.66    320
80.68    304
80.7     326
80.72    330
80.74    360
80.76    323
80.78    366
80.8     332
80.82    306
80.84    363
80.86    358
80.88    375
80.9     358
80.92    384
80.94    408
80.96    402
80.98    397
81.0     411
81.02    428
81.04    416
81.06    425
81.08    454
81.1     467
81.12    438
81.14    510
81.16    466
81.18    472
81.2     535
81.22    457
81.24    532
81.26    543
81.28    484
81.3     507
81.32    529
81.34    496
81.36    553
81.38    570
81.4     523
81.42    552
81.44    568
81.46    537
81.48    531
81.5     598
81.52    583
81.54    654
81.56    615
81.58    595
81.6     624
81.62    675
81.64    709
81.66    688
81.68    799
81.7     759
81.72    769
81.74    812
81.76    831
81.78    858
81.8     884
81.82    918
81.84    857
81.86    827
81.88    782
81.9     855
81.92    792
81.94    779
81.96    730
81.98    738
82.0     746
82.02    730
82.04    729
82.06    694
82.08    649
82.1     677
82.12    605
82.14    628
82.16    587
82.18    587
82.2     575
82.22    536
82.24    517
82.26    451
82.28    509
82.3     458
82.32    431
82.34    450
82.36    413
82.38    410
82.4     371
82.42    410
82.44    381
82.46    334
82.48    375
82.5     356
82.52    350
82.54    370
82.56    358
82.58    377
82.6     330
82.62    342
82.64    336
82.66    332
82.68    332
82.7     339
82.72    308
82.74    321
82.76    353
82.78    317
82.8     309
82.82    308
82.84    312
82.86    292
82.88    281
82.9     315
82.92    282
82.94    305
82.96    313
82.98    304
83.0     292
83.02    308
83.04    274
83.06    306
83.08    264
83.1     290
83.12    325
83.14    292
83.16    310
83.18    299
83.2     326
83.22    287
83.24    293
83.26    278
83.28    293
83.3     292
83.32    283
83.34    285
83.36    314
83.38    304
83.4     302
83.42    257
83.44    300
83.46    268
83.48    309
83.5     299
83.52    270
83.54    257
83.56    306
83.58    260
83.6     282
83.62    317
83.64    273
83.66    285
83.68    261
83.7     302
83.72    305
83.74    285
83.76    300
83.78    294
83.8     298
83.82    304
83.84    296
83.86    326
83.88    272
83.9     286
83.92    284
83.94    305
83.96    260
83.98    298
84.0     303
84.02    288
84.04    323
84.06    284
84.08    292
84.1     279
84.12    285
84.14    279
84.16    255
84.18    283
84.2     289
84.22    291
84.24    297
84.26    305
84.28    321
84.3     280
84.32    300
84.34    264
84.36    302
84.38    292
84.4     295
84.42    288
84.44    282
84.46    282
84.48    293
84.5     270
84.52    276
84.54    274
84.56    289
84.58    280
84.6     266
84.62    274
84.64    280
84.66    289
84.68    255
84.7     282
84.72    307
84.74    283
84.76    270
84.78    301
84.8     273
84.82    287
84.84    270
84.86    277
84.88    297
84.9     276
84.92    291
84.94    285
84.96    282
84.98    277
85.0     250
85.02    308
85.04    277
85.06    308
85.08    321
85.1     270
85.12    268
85.14    271
85.16    296
85.18    300
85.2     295
85.22    280
85.24    284
85.26    282
85.28    284
85.3     283
85.32    289
85.34    247
85.36    274
85.38    287
85.4     303
85.42    276
85.44    287
85.46    263
85.48    280
85.5     243
85.52    270
85.54    283
85.56    312
85.58    306
85.6     288
85.62    311
85.64    310
85.66    254
85.68    284
85.7     272
85.72    261
85.74    284
85.76    290
85.78    257
85.8     260
85.82    290
85.84    281
85.86    283
85.88    261
85.9     303
85.92    273
85.94    274
85.96    300
85.98    304
86.0     281
86.02    287
86.04    261
86.06    297
86.08    267
86.1     284
86.12    276
86.14    242
86.16    295
86.18    302
86.2     272
86.22    276
86.24    272
86.26    262
86.28    286
86.3     249
86.32    277
86.34    306
86.36    263
86.38    269
86.4     267
86.42    278
86.44    305
86.46    299
86.48    281
86.5     274
86.52    300
86.54    278
86.56    254
86.58    286
86.6     301
86.62    300
86.64    261
86.66    256
86.68    269
86.7     261
86.72    252
86.74    284
86.76    275
86.78    299
86.8     282
86.82    259
86.84    264
86.86    276
86.88    252
86.9     259
86.92    301
86.94    300
86.96    292
86.98    261
87.0     279
87.02    263
87.04    271
87.06    284
87.08    267
87.1     284
87.12    290
87.14    284
87.16    264
87.18    242
87.2     302
87.22    284
87.24    265
87.26    285
87.28    304
87.3     280
87.32    286
87.34    273
87.36    270
87.38    282
87.4     272
87.42    281
87.44    309
87.46    292
87.48    304
87.5     289
87.52    253
87.54    304
87.56    278
87.58    279
87.6     290
87.62    278
87.64    279
87.66    262
87.68    326
87.7     263
87.72    260
87.74    267
87.76    256
87.78    266
87.8     292
87.82    279
87.84    289
87.86    263
87.88    294
87.9     261
87.92    271
87.94    302
87.96    297
87.98    284
88.0     259
88.02    302
88.04    268
88.06    317
88.08    262
88.1     266
88.12    291
88.14    271
88.16    273
88.18    289
88.2     288
88.22    295
88.24    264
88.26    263
88.28    263
88.3     312
88.32    285
88.34    296
88.36    256
88.38    279
88.4     278
88.42    318
88.44    263
88.46    285
88.48    271
88.5     280
88.52    296
88.54    311
88.56    313
88.58    284
88.6     281
88.62    259
88.64    292
88.66    266
88.68    297
88.7     274
88.72    275
88.74    283
88.76    303
88.78    274
88.8     251
88.82    284
88.84    285
88.86    282
88.88    289
88.9     271
88.92    276
88.94    289
88.96    311
88.98    286
89.0     305
89.02    306
89.04    308
89.06    280
89.08    258
89.1     249
89.12    283
89.14    315
89.16    286
89.18    264
89.2     307
89.22    300
89.24    305
89.26    268
89.28    309
89.3     288
89.32    272
89.34    292
89.36    300
89.38    272
89.4     279
89.42    279
89.44    297
89.46    299
89.48    304
89.5     274
89.52    267
89.54    309
89.56    268
89.58    290
89.6     287
89.62    306
89.64    302
89.66    316
89.68    282
89.7     302
89.72    315
89.74    303
89.76    303
89.78    295
89.8     293
89.82    285
89.84    303
89.86    323
89.88    319
89.9     344
89.92    279
89.94    294
89.96    288
89.98    270
90.0     341
90.02    330
90.04    307
90.06    343
90.08    314
90.1     301
90.12    325
90.14    320
90.16    339
90.18    328
90.2     313
90.22    342
90.24    348
90.26    323
90.28    347
90.3     363
90.32    372
90.34    373
90.36    371
90.38    367
90.4     375
90.42    371
90.44    436
90.46    406
90.48    399
90.5     417
90.52    411
90.54    448
90.56    418
90.58    424
90.6     413
90.62    447
90.64    488
90.66    437
90.68    475
90.7     436
90.72    479
90.74    491
90.76    490
90.78    507
90.8     481
90.82    464
90.84    460
90.86    503
90.88    440
90.9     417
90.92    443
90.94    413
90.96    405
90.98    383
91.0     369
91.02    390
91.04    372
91.06    399
91.08    381
91.1     386
91.12    368
91.14    345
91.16    332
91.18    353
91.2     357
91.22    334
91.24    299
91.26    320
91.28    317
91.3     323
91.32    328
91.34    327
91.36    342
91.38    306
91.4     287
91.42    313
91.44    278
91.46    291
91.48    307
91.5     323
91.52    276
91.54    316
91.56    309
91.58    289
91.6     316
91.62    291
91.64    297
91.66    289
91.68    302
91.7     299
91.72    332
91.74    303
91.76    326
91.78    290
91.8     317
91.82    283
91.84    313
91.86    308
91.88    297
91.9     302
91.92    338
91.94    325
91.96    281
91.98    274
92.0     301
92.02    323
92.04    293
92.06    291
92.08    281
92.1     297
92.12    298
92.14    282
92.16    278
92.18    285
92.2     285
92.22    288
92.24    319
92.26    275
92.28    279
92.3     281
92.32    258
92.34    266
92.36    300
92.38    322
92.4     287
92.42    325
92.44    303
92.46    275
92.48    281
92.5     284
92.52    274
92.54    268
92.56    292
92.58    281
92.6     310
92.62    280
92.64    296
92.66    269
92.68    314
92.7     282
92.72    317
92.74    302
92.76    300
92.78    278
92.8     297
92.82    295
92.84    295
92.86    279
92.88    285
92.9     280
92.92    285
92.94    281
92.96    320
92.98    285
93.0     289
93.02    302
93.04    294
93.06    291
93.08    288
93.1     286
93.12    296
93.14    281
93.16    297
93.18    298
93.2     285
93.22    295
93.24    304
93.26    291
93.28    305
93.3     318
93.32    264
93.34    293
93.36    300
93.38    286
93.4     294
93.42    300
93.44    287
93.46    304
93.48    299
93.5     294
93.52    266
93.54    297
93.56    311
93.58    278
93.6     295
93.62    283
93.64    292
93.66    314
93.68    274
93.7     288
93.72    303
93.74    291
93.76    280
93.78    267
93.8     312
93.82    298
93.84    288
93.86    296
93.88    308
93.9     278
93.92    300
93.94    291
93.96    298
93.98    320
94.0     301
94.02    290
94.04    307
94.06    278
94.08    272
94.1     315
94.12    301
94.14    322
94.16    319
94.18    279
94.2     297
94.22    286
94.24    284
94.26    301
94.28    266
94.3     292
94.32    277
94.34    268
94.36    300
94.38    289
94.4     294
94.42    303
94.44    304
94.46    273
94.48    277
94.5     314
94.52    321
94.54    265
94.56    299
94.58    283
94.6     292
94.62    259
94.64    294
94.66    298
94.68    292
94.7     328
94.72    289
94.74    299
94.76    273
94.78    270
94.8     313
94.82    291
94.84    292
94.86    298
94.88    285
94.9     301
94.92    301
94.94    273
94.96    285
94.98    301
95.0     290
95.02    305
95.04    292
95.06    296
95.08    285
95.1     288
95.12    284
95.14    292
95.16    302
95.18    269
95.2     313
95.22    289
95.24    297
95.26    303
95.28    285
95.3     284
95.32    301
95.34    294
95.36    284
95.38    321
95.4     295
95.42    317
95.44    308
95.46    361
95.48    361
95.5     363
95.52    326
95.54    364
95.56    374
95.58    384
95.6     361
95.62    399
95.64    417
95.66    397
95.68    418
95.7     414
95.72    416
95.74    405
95.76    405
95.78    423
95.8     476
95.82    476
95.84    536
95.86    510
95.88    532
95.9     514
95.92    548
95.94    581
95.96    581
95.98    565
96.0     571
96.02    623
96.04    548
96.06    562
96.08    593
96.1     569
96.12    552
96.14    481
96.16    470
96.18    467
96.2     451
96.22    421
96.24    444
96.26    434
96.28    382
96.3     401
96.32    424
96.34    438
96.36    421
96.38    387
96.4     388
96.42    378
96.44    360
96.46    336
96.48    365
96.5     306
96.52    329
96.54    323
96.56    310
96.58    292
96.6     300
96.62    299
96.64    285
96.66    315
96.68    352
96.7     311
96.72    303
96.74    306
96.76    335
96.78    328
96.8     326
96.82    292
96.84    290
96.86    313
96.88    311
96.9     309
96.92    332
96.94    309
96.96    335
96.98    292
97.0     289
97.02    296
97.04    293
97.06    294
97.08    308
97.1     353
97.12    306
97.14    308
97.16    313
97.18    324
97.2     313
97.22    308
97.24    325
97.26    321
97.28    326
97.3     314
97.32    340
97.34    354
97.36    326
97.38    327
97.4     371
97.42    317
97.44    343
97.46    359
97.48    333
97.5     317
97.52    324
97.54    321
97.56    337
97.58    349
97.6     346
97.62    362
97.64    357
97.66    344
97.68    349
97.7     364
97.72    331
97.74    328
97.76    343
97.78    338
97.8     382
97.82    318
97.84    349
97.86    399
97.88    341
97.9     400
97.92    352
97.94    395
97.96    365
97.98    399
98.0     386
98.02    422
98.04    389
98.06    409
98.08    403
98.1     400
98.12    386
98.14    402
98.16    419
98.18    409
98.2     420
98.22    440
98.24    424
98.26    427
98.28    375
98.3     400
98.32    452
98.34    414
98.36    435
98.38    407
98.4     420
98.42    410
98.44    403
98.46    448
98.48    432
98.5     417
98.52    434
98.54    465
98.56    414
98.58    456
98.6     469
98.62    396
98.64    396
98.66    431
98.68    416
98.7     407
98.72    399
98.74    421
98.76    428
98.78    374
98.8     368
98.82    394
98.84    381
98.86    409
98.88    372
98.9     352
98.92    400
98.94    316
98.96    323
98.98    338
99.0     358
99.02    329
99.04    359
99.06    331
99.08    341
99.1     340
99.12    310
99.14    323
99.16    305
99.18    304
99.2     318
99.22    352
99.24    319
99.26    309
99.28    316
99.3     338
99.32    302
99.34    288
99.36    287
99.38    293
99.4     291
99.42    285
99.44    306
99.46    282
99.48    337
99.5     306
99.52    265
99.54    284
99.56    305
99.58    322
99.6     300
99.62    296
99.64    276
99.66    297
99.68    321
99.7     296
99.72    318
99.74    319
99.76    301
99.78    316
99.8     301
99.82    295
99.84    271
99.86    278
99.88    308
99.9     314
99.92    280
99.94    280
99.96    301
99.98    285
100.0    288
100.02   263
100.04   274
100.06   286
100.08   314
100.1    297
100.12   283
100.14   302
100.16   318
100.18   311
100.2    337
100.22   316
100.24   301
100.26   325
100.28   282
100.3    286
100.32   293
100.34   307
100.36   282
100.38   290
100.4    297
100.42   290
100.44   287
100.46   287
100.48   292
100.5    271
100.52   323
100.54   281
100.56   261
100.58   283
100.6    293
100.62   299
100.64   303
100.66   297
100.68   273
100.7    300
100.72   290
100.74   267
100.76   304
100.78   268
100.8    322
100.82   286
100.84   298
100.86   285
100.88   292
100.9    306
100.92   312
100.94   275
100.96   283
100.98   307
101.0    276
101.02   302
101.04   312
101.06   283
101.08   296
101.1    279
101.12   257
101.14   295
101.16   332
101.18   296
101.2    252
101.22   295
101.24   287
101.26   294
101.28   281
101.3    283
101.32   271
101.34   317
101.36   256
101.38   281
101.4    287
101.42   282
101.44   302
101.46   292
101.48   297
101.5    278
101.52   267
101.54   283
101.56   267
101.58   313
101.6    262
101.62   286
101.64   327
101.66   305
101.68   309
101.7    294
101.72   266
101.74   291
101.76   318
101.78   326
101.8    303
101.82   272
101.84   263
101.86   281
101.88   293
101.9    309
101.92   298
101.94   299
101.96   269
101.98   283
102.0    284
102.02   280
102.04   287
102.06   320
102.08   288
102.1    279
102.12   308
102.14   308
102.16   292
102.18   291
102.2    282
102.22   285
102.24   282
102.26   300
102.28   303
102.3    254
102.32   305
102.34   300
102.36   307
102.38   282
102.4    296
102.42   285
102.44   290
102.46   299
102.48   291
102.5    295
102.52   320
102.54   293
102.56   293
102.58   289
102.6    290
102.62   264
102.64   291
102.66   284
102.68   307
102.7    261
102.72   302
102.74   276
102.76   281
102.78   297
102.8    303
102.82   284
102.84   274
102.86   300
102.88   281
102.9    273
102.92   278
102.94   316
102.96   286
102.98   309
103.0    288
103.02   306
103.04   285
103.06   301
103.08   329
103.1    275
103.12   280
103.14   306
103.16   291
103.18   296
103.2    280
103.22   292
103.24   298
103.26   288
103.28   278
103.3    268
103.32   275
103.34   296
103.36   303
103.38   277
103.4    306
103.42   286
103.44   301
103.46   267
103.48   298
103.5    281
103.52   301
103.54   274
103.56   316
103.58   307
103.6    289
103.62   293
103.64   276
103.66   323
103.68   292
103.7    287
103.72   264
103.74   312
103.76   290
103.78   290
103.8    316
103.82   298
103.84   303
103.86   270
103.88   275
103.9    304
103.92   290
103.94   301
103.96   280
103.98   282
104.0    321
104.02   315
104.04   282
104.06   275
104.08   276
104.1    293
104.12   299
104.14   275
104.16   297
104.18   282
104.2    318
104.22   306
104.24   287
104.26   307
104.28   287
104.3    295
104.32   291
104.34   320
104.36   292
104.38   289
104.4    298
104.42   282
104.44   276
104.46   267
104.48   292
104.5    318
104.52   303
104.54   285
104.56   276
104.58   281
104.6    280
104.62   301
104.64   302
104.66   330
104.68   316
104.7    290
104.72   307
104.74   305
104.76   316
104.78   267
104.8    305
104.82   311
104.84   275
104.86   269
104.88   315
104.9    279
104.92   322
104.94   291
104.96   264
104.98   308
105.0    330
105.02   284
105.04   318
105.06   291
105.08   287
105.1    303
105.12   299
105.14   284
105.16   271
105.18   293
105.2    266
105.22   290
105.24   277
105.26   285
105.28   297
105.3    277
105.32   261
105.34   322
105.36   287
105.38   301
105.4    305
105.42   290
105.44   267
105.46   272
105.48   300
105.5    301
105.52   308
105.54   275
105.56   269
105.58   284
105.6    286
105.62   283
105.64   292
105.66   295
105.68   281
105.7    280
105.72   307
105.74   304
105.76   326
105.78   277
105.8    305
105.82   291
105.84   304
105.86   313
105.88   299
105.9    316
105.92   304
105.94   319
105.96   281
105.98   293
106.0    289
106.02   285
106.04   294
106.06   287
106.08   288
106.1    311
106.12   289
106.14   327
106.16   312
106.18   314
106.2    264
106.22   305
106.24   290
106.26   308
106.28   305
106.3    276
106.32   303
106.34   279
106.36   292
106.38   279
106.4    314
106.42   316
106.44   278
106.46   321
106.48   286
106.5    305
106.52   286
106.54   311
106.56   275
106.58   312
106.6    271
106.62   303
106.64   299
106.66   341
106.68   314
106.7    282
106.72   302
106.74   268
106.76   306
106.78   313
106.8    334
106.82   305
106.84   296
106.86   306
106.88   272
106.9    310
106.92   322
106.94   313
106.96   301
106.98   295
107.0    307
107.02   294
107.04   293
107.06   311
107.08   311
107.1    301
107.12   340
107.14   314
107.16   315
107.18   291
107.2    271
107.22   313
107.24   283
107.26   288
107.28   280
107.3    303
107.32   278
107.34   308
107.36   305
107.38   294
107.4    311
107.42   310
107.44   278
107.46   274
107.48   306
107.5    251
107.52   306
107.54   297
107.56   309
107.58   304
107.6    327
107.62   287
107.64   333
107.66   282
107.68   290
107.7    271
107.72   277
107.74   280
107.76   276
107.78   299
107.8    278
107.82   289
107.84   298
107.86   292
107.88   286
107.9    305
107.92   324
107.94   333
107.96   300
107.98   320
108.0    309
108.02   327
108.04   272
108.06   285
108.08   304
108.1    322
108.12   297
108.14   284
108.16   287
108.18   268
108.2    300
108.22   287
108.24   280
108.26   302
108.28   283
108.3    287
108.32   274
108.34   301
108.36   269
108.38   271
108.4    298
108.42   309
108.44   290
108.46   295
108.48   258
108.5    307
108.52   283
108.54   288
108.56   301
108.58   260
108.6    319
108.62   283
108.64   290
108.66   326
108.68   287
108.7    320
108.72   290
108.74   289
108.76   321
108.78   300
108.8    289
108.82   269
108.84   273
108.86   315
108.88   310
108.9    299
108.92   287
108.94   293
108.96   299
108.98   305
109.0    303
109.02   290
109.04   293
109.06   280
109.08   255
109.1    321
109.12   291
109.14   294
109.16   295
109.18   308
109.2    291
109.22   264
109.24   296
109.26   294
109.28   285
109.3    308
109.32   287
109.34   315
109.36   305
109.38   284
109.4    281
109.42   289
109.44   275
109.46   319
109.48   290
109.5    280
109.52   286
109.54   286
109.56   341
109.58   278
109.6    276
109.62   286
109.64   307
109.66   322
109.68   308
109.7    286
109.72   294
109.74   281
109.76   267
109.78   303
109.8    315
109.82   271
109.84   284
109.86   289
109.88   310
109.9    267
109.92   290
109.94   300
109.96   272
109.98   293
110.0    290
110.02   276
110.04   313
110.06   313
110.08   309
110.1    285
110.12   345
110.14   308
110.16   272
110.18   292
110.2    308
110.22   313
110.24   297
110.26   265
110.28   313
110.3    301
110.32   300
110.34   283
110.36   312
110.38   308
110.4    284
110.42   291
110.44   294
110.46   307
110.48   291
110.5    299
110.52   294
110.54   308
110.56   278
110.58   302
110.6    319
110.62   272
110.64   302
110.66   288
110.68   306
110.7    333
110.72   299
110.74   296
110.76   293
110.78   286
110.8    293
110.82   278
110.84   294
110.86   298
110.88   281
110.9    314
110.92   295
110.94   307
110.96   319
110.98   278
111.0    270
111.02   313
111.04   303
111.06   304
111.08   273
111.1    325
111.12   309
111.14   271
111.16   311
111.18   313
111.2    316
111.22   330
111.24   313
111.26   319
111.28   271
111.3    325
111.32   312
111.34   321
111.36   290
111.38   330
111.4    307
111.42   344
111.44   278
111.46   356
111.48   319
111.5    289
111.52   287
111.54   335
111.56   328
111.58   327
111.6    341
111.62   320
111.64   329
111.66   282
111.68   326
111.7    317
111.72   306
111.74   308
111.76   283
111.78   321
111.8    314
111.82   352
111.84   340
111.86   325
111.88   298
111.9    283
111.92   342
111.94   329
111.96   312
111.98   327
112.0    355
112.02   284
112.04   298
112.06   329
112.08   306
112.1    324
112.12   339
112.14   291
112.16   273
112.18   301
112.2    312
112.22   314
112.24   364
112.26   307
112.28   310
112.3    312
112.32   317
112.34   315
112.36   305
112.38   291
112.4    311
112.42   314
112.44   321
112.46   279
112.48   291
112.5    327
112.52   334
112.54   301
112.56   293
112.58   300
112.6    333
112.62   295
112.64   300
112.66   305
112.68   307
112.7    314
112.72   318
112.74   311
112.76   300
112.78   320
112.8    307
112.82   314
112.84   313
112.86   296
112.88   342
112.9    301
112.92   286
112.94   316
112.96   315
112.98   296
113.0    301
113.02   296
113.04   313
113.06   350
113.08   299
113.1    314
113.12   323
113.14   294
113.16   312
113.18   328
113.2    317
113.22   290
113.24   350
113.26   323
113.28   353
113.3    331
113.32   316
113.34   323
113.36   319
113.38   363
113.4    303
113.42   334
113.44   296
113.46   294
113.48   297
113.5    340
113.52   316
113.54   312
113.56   323
113.58   314
113.6    372
113.62   318
113.64   333
113.66   310
113.68   360
113.7    333
113.72   332
113.74   302
113.76   335
113.78   306
113.8    351
113.82   314
113.84   326
113.86   333
113.88   342
113.9    332
113.92   336
113.94   309
113.96   332
113.98   335
114.0    389
114.02   335
114.04   367
114.06   356
114.08   336
114.1    370
114.12   351
114.14   372
114.16   339
114.18   360
114.2    379
114.22   368
114.24   358
114.26   384
114.28   361
114.3    349
114.32   365
114.34   388
114.36   372
114.38   339
114.4    364
114.42   358
114.44   361
114.46   369
114.48   378
114.5    378
114.52   388
114.54   354
114.56   336
114.58   372
114.6    413
114.62   325
114.64   386
114.66   367
114.68   367
114.7    353
114.72   387
114.74   342
114.76   388
114.78   362
114.8    384
114.82   387
114.84   383
114.86   420
114.88   358
114.9    385
114.92   358
114.94   386
114.96   372
114.98   390
115.0    373
115.02   409
115.04   402
115.06   402
115.08   395
115.1    415
115.12   346
115.14   402
115.16   384
115.18   394
115.2    406
115.22   405
115.24   378
115.26   416
115.28   411
115.3    374
115.32   408
115.34   368
115.36   412
115.38   388
115.4    441
115.42   382
115.44   388
115.46   391
115.48   407
115.5    441
115.52   387
115.54   427
115.56   387
115.58   429
115.6    401
115.62   433
115.64   387
115.66   402
115.68   395
115.7    457
115.72   419
115.74   425
115.76   392
115.78   423
115.8    413
115.82   435
115.84   411
115.86   437
115.88   398
115.9    416
115.92   411
115.94   423
115.96   415
115.98   410
116.0    427
116.02   437
116.04   449
116.06   401
116.08   441
116.1    441
116.12   433
116.14   404
116.16   423
116.18   399
116.2    441
116.22   410
116.24   393
116.26   402
116.28   408
116.3    395
116.32   399
116.34   380
116.36   367
116.38   359
116.4    399
116.42   389
116.44   361
116.46   343
116.48   387
116.5    371
116.52   350
116.54   374
116.56   374
116.58   358
116.6    387
116.62   327
116.64   365
116.66   353
116.68   345
116.7    392
116.72   340
116.74   350
116.76   345
116.78   340
116.8    349
116.82   342
116.84   354
116.86   324
116.88   319
116.9    324
116.92   355
116.94   326
116.96   331
116.98   323
117.0    312
117.02   356
117.04   317
117.06   332
117.08   361
117.1    343
117.12   284
117.14   346
117.16   297
117.18   347
117.2    308
117.22   303
117.24   335
117.26   297
117.28   313
117.3    338
117.32   337
117.34   317
117.36   319
117.38   317
117.4    309
117.42   311
117.44   326
117.46   337
117.48   284
117.5    302
117.52   314
117.54   307
117.56   314
117.58   330
117.6    305
117.62   349
117.64   326
117.66   333
117.68   296
117.7    320
117.72   327
117.74   330
117.76   330
117.78   342
117.8    295
117.82   290
117.84   332
117.86   295
117.88   285
117.9    320
117.92   347
117.94   319
117.96   323
117.98   299
118.0    339
118.02   316
118.04   308
118.06   316
118.08   341
118.1    299
118.12   312
118.14   271
118.16   305
118.18   331
118.2    330
118.22   315
118.24   308
118.26   313
118.28   313
118.3    314
118.32   315
118.34   313
118.36   325
118.38   311
118.4    333
118.42   328
118.44   348
118.46   337
118.48   289
118.5    342
118.52   298
118.54   318
118.56   307
118.58   324
118.6    308
118.62   325
118.64   316
118.66   306
118.68   313
118.7    323
118.72   310
118.74   290
118.76   309
118.78   330
118.8    294
118.82   327
118.84   291
118.86   297
118.88   272
118.9    333
118.92   311
118.94   325
118.96   287
118.98   330
119.0    350
119.02   330
119.04   325
119.06   304
119.08   269
119.1    280
119.12   310
119.14   302
119.16   330
119.18   298
119.2    338
119.22   307
119.24   324
119.26   302
119.28   311
119.3    317
119.32   311
119.34   305
119.36   289
119.38   290
119.4    290
119.42   322
119.44   332
119.46   295
119.48   297
119.5    282
119.52   348
119.54   319
119.56   292
119.58   298
119.6    301
119.62   312
119.64   308
119.66   284
119.68   323
119.7    297
119.72   332
119.74   309
119.76   337
119.78   319
119.8    312
119.82   296
119.84   315
119.86   328
119.88   288
119.9    298
119.92   293
119.94   304
119.96   315
119.98   311
120.0    295
